F 1824.839883 1880.660829 3.717551
E 0.000000 0.000000 0.000000 0.000000
W C 1362.0 1923.4 386.4 1496.9 498.8 722.7 1185.3 791.2 1695.3 1091.6 1790.5 287.5
W E -0.092 600.0 365.0 -2.881 600.0 1169.2 -2.424 600.0 1382.6 -0.531 992.1 600.0 -0.163 628.0 600.0 -0.022 1251.5 600.0
D C 364.9 -287.9 1415.4 -461.6 1742.8 248.9 1129.7 565.4 538.4 591.2 896.5 1317.5
F 1824.839883 1880.660829 3.717551
E 0.000000 0.000000 0.000000 0.000000
W C 1361.3 1923.5 385.7 1496.7 499.2 723.0 1185.3 791.1 1695.1 1089.9 1790.5 286.5
W E -0.092 424.3 258.1 -2.881 424.3 826.8 -2.424 424.3 977.7 -0.531 701.6 424.3 -0.163 444.1 424.3 -0.022 885.0 424.3
D C 366.0 -288.8 1416.7 -462.0 1741.8 248.8 1129.9 565.4 540.6 593.7 897.6 1319.0
F 1824.839883 1880.660829 3.717551
E 0.000000 0.000000 0.000000 0.000000
W C 1361.0 1923.5 385.0 1496.5 499.3 723.1 1185.0 790.7 1694.9 1089.0 1790.5 284.8
W E -0.092 346.4 210.9 -2.881 346.4 675.2 -2.424 346.4 798.2 -0.531 572.8 346.4 -0.163 362.8 346.4 -0.022 722.7 346.4
D C 366.2 -289.0 1418.2 -462.5 1741.8 248.8 1131.1 566.1 541.5 594.6 900.0 1322.6
F 1824.839883 1880.660829 3.717551
E 0.000000 0.000000 0.000000 0.000000
W C 1360.8 1923.5 384.8 1496.5 500.3 724.0 1185.1 790.9 1694.9 1088.9 1790.5 285.3
W E -0.092 300.0 182.7 -2.881 300.0 584.8 -2.424 300.0 691.2 -0.531 496.1 300.0 -0.163 314.4 300.0 -0.022 626.1 300.0
D C 366.2 -288.9 1417.4 -462.3 1737.0 248.1 1129.5 565.3 540.5 593.6 896.8 1317.9
F 1824.839883 1880.660829 3.717551
E 0.000000 0.000000 0.000000 0.000000
W C 1361.0 1923.5 384.3 1496.4 500.4 724.1 1185.3 791.2 1695.0 1089.8 1790.5 285.2
W E -0.092 268.3 163.5 -2.881 268.3 523.2 -2.424 268.3 618.1 -0.531 443.8 268.3 -0.163 281.4 268.3 -0.022 560.1 268.3
D C 365.1 -288.1 1419.4 -462.9 1739.8 248.5 1128.6 564.8 537.0 589.7 898.0 1319.6
F 1824.839883 1880.660829 3.717551
E 0.000000 0.000000 0.000000 0.000000
W C 1361.1 1923.5 385.0 1496.5 500.5 724.2 1185.3 791.1 1695.1 1090.2 1790.5 285.6
W E -0.092 244.9 149.2 -2.881 244.9 477.7 -2.424 244.9 564.2 -0.531 405.1 244.9 -0.163 256.9 244.9 -0.022 511.4 244.9
D C 365.1 -288.1 1413.4 -460.9 1740.2 248.6 1129.9 565.5 538.2 591.0 896.5 1317.5
F 1824.839883 1880.660829 3.717551
E 0.000000 0.000000 0.000000 0.000000
W C 1361.3 1923.5 384.8 1496.5 501.1 724.7 1185.0 790.8 1695.1 1090.1 1790.5 285.7
W E -0.092 226.8 138.2 -2.881 226.8 442.2 -2.424 226.8 522.3 -0.531 375.1 226.8 -0.163 237.8 226.8 -0.022 473.5 226.8
D C 364.7 -287.8 1418.5 -462.6 1734.9 247.8 1132.6 566.8 539.8 592.8 897.2 1318.4
F 1824.839883 1880.660829 3.717551
E 0.000000 0.000000 0.000000 0.000000
W C 1361.4 1923.5 384.7 1496.5 501.3 724.9 1184.9 790.6 1695.0 1089.8 1790.5 285.7
W E -0.092 212.1 129.3 -2.881 212.1 413.7 -2.424 212.1 488.5 -0.531 350.8 212.1 -0.163 222.5 212.1 -0.022 442.9 212.1
D C 364.9 -287.9 1417.5 -462.3 1738.0 248.2 1131.9 566.5 540.7 593.8 897.5 1318.9
F 1824.839883 1880.660829 3.717551
E 0.000000 0.000000 0.000000 0.000000
W C 1361.4 1923.5 384.7 1496.5 501.2 724.8 1184.8 790.3 1695.0 1089.8 1790.5 285.6
W E -0.092 200.0 121.9 -2.881 200.0 390.1 -2.424 200.0 460.5 -0.531 330.8 200.0 -0.163 209.7 200.0 -0.022 417.6 200.0
D C 365.2 -288.2 1416.6 -462.0 1739.8 248.5 1132.5 566.8 539.6 592.6 898.1 1319.8
F 1824.839883 1880.660829 3.717551
E 0.000000 0.000000 0.000000 0.000000
W C 1361.3 1923.5 384.9 1496.0 501.2 724.8 1184.8 790.4 1695.1 1089.8 1790.5 285.7
W E -0.092 189.7 115.6 -2.881 189.7 370.1 -2.424 189.7 436.8 -0.531 313.8 189.7 -0.163 199.0 189.7 -0.022 396.2 189.7
D C 365.8 -288.6 1417.7 -457.6 1739.7 248.5 1129.9 565.5 539.5 592.4 897.2 1318.4
F 1824.839883 1880.660829 3.717551
E 0.000000 0.000000 0.000000 0.000000
W C 1361.5 1923.5 384.7 1496.0 501.3 724.9 1184.7 790.2 1695.0 1089.8 1790.5 285.5
W E -0.092 180.9 110.2 -2.881 180.9 352.8 -2.424 180.9 416.5 -0.531 299.2 180.9 -0.163 189.7 180.9 -0.022 377.7 180.9
D C 364.1 -287.3 1419.0 -462.8 1739.0 248.4 1133.0 567.0 539.7 592.7 898.8 1320.8
F 1824.839883 1880.660829 3.717551
E 0.000000 0.000000 0.000000 0.000000
W C 1361.6 1923.5 384.7 1496.1 501.0 724.6 1184.6 790.0 1695.1 1089.9 1790.5 285.6
W E -0.092 173.2 105.5 -2.881 173.2 337.8 -2.424 173.2 398.7 -0.531 286.5 173.2 -0.163 181.7 173.2 -0.022 361.7 173.2
D C 364.5 -287.7 1416.9 -462.1 1743.3 249.0 1132.5 566.8 539.1 592.1 896.9 1318.1
F 1824.839883 1880.660829 3.717551
E 0.000000 0.000000 0.000000 0.000000
W C 1361.6 1923.5 384.3 1496.0 500.9 724.5 1184.7 790.1 1695.0 1089.7 1790.5 285.5
W E -0.092 166.4 101.4 -2.881 166.4 324.6 -2.424 166.4 383.0 -0.531 275.3 166.4 -0.163 174.5 166.4 -0.022 347.5 166.4
D C 365.0 -288.0 1423.0 -464.1 1741.8 248.8 1130.1 565.6 541.0 594.1 897.9 1319.5
F 1804.071460 1867.171173 3.717600
E 0.575979 6.130702 0.952048 0.076843
W C 1360.0 1922.4 382.9 1495.1 499.4 723.6 1183.2 789.1 1693.5 1088.8 1789.0 284.7
W E -0.095 160.3 97.4 -2.881 160.4 312.6 -2.424 160.4 368.9 -0.530 265.1 160.4 -0.162 168.0 160.4 -0.021 334.7 160.4
D C 365.2 -288.2 1416.0 -461.8 1740.2 248.6 1131.2 566.1 539.4 592.4 896.8 1317.9
F 1766.972885 1843.120239 3.716998
E 0.576010 12.550591 4.925640 0.144119
W C 1356.4 1920.0 380.1 1493.0 497.1 721.9 1181.9 789.7 1690.9 1087.0 1786.7 282.6
W E -0.103 154.8 93.6 -2.882 154.9 301.6 -2.423 154.9 356.1 -0.529 255.7 154.9 -0.162 162.0 154.9 -0.018 323.4 154.9
D C 352.2 -286.8 1402.9 -457.5 1715.5 250.4 1074.3 550.0 518.5 594.6 878.1 1325.0
F 1729.527264 1818.876376 -2.567333
E 0.574176 16.717514 10.295719 0.172668
W C 1352.4 1917.4 377.0 1491.5 494.1 720.7 1179.6 789.7 1687.5 1085.0 1783.8 280.6
W E -0.118 149.6 90.0 -2.883 150.0 291.9 -2.423 150.0 344.7 -0.527 247.3 150.0 -0.167 156.6 150.0 -0.015 313.5 150.0
D C 313.8 -287.5 1365.2 -463.9 1681.8 240.2 1048.8 549.2 488.9 592.9 846.9 1321.6
F 1691.883255 1794.813450 -2.569928
E 0.565029 20.029952 15.904686 0.190880
W C 1347.4 1914.2 374.4 1490.0 491.0 719.8 1177.3 790.2 1683.7 1083.5 1783.6 280.6
W E -0.138 144.6 86.7 -2.885 145.6 283.1 -2.422 145.5 334.5 -0.524 239.7 145.6 -0.178 151.8 145.5 -0.015 313.2 150.0
D C 279.2 -282.2 1324.1 -454.4 1640.5 244.6 1000.7 547.8 445.3 586.2
F 1692.009671 1794.924766 -2.570145
E 0.564633 19.979235 14.995048 0.171439
W C 1344.9 1912.3 374.5 1489.4 489.1 719.6 1175.9 791.2 1681.1 1082.7 1783.5 280.6
W E -0.153 140.2 84.0 -2.886 141.5 275.5 -2.422 141.5 325.6 -0.522 233.1 141.5 -0.183 147.6 141.4 -0.015 313.1 150.0
D C 260.9 -280.4 1277.2 -447.1 1622.9 242.0 985.4 543.3 432.6 584.3
F 1654.483525 1771.043357 -2.572242
E 0.540711 22.755406 20.131355 0.192357
W C 1342.1 1910.4 374.8 1489.2 487.9 719.9 1174.7 792.5 1679.0 1082.1 1783.4 280.7
W E -0.175 135.7 81.4 -2.888 137.7 268.3 -2.421 137.7 317.3 -0.520 226.8 137.7 -0.197 143.7 137.6 -0.015 313.1 150.0
D C 216.5 -277.0 1229.1 -443.0 1564.3 248.0 933.0 544.7 379.5 588.2
F 1616.932807 1747.254814 -2.573106
E -0.431540 25.405274 25.115456 0.202697
W C 1337.5 1908.2 374.6 1488.6 485.9 720.2 1172.7 793.6 1676.4 1081.0 1783.3 280.7
W E -0.204 131.0 79.0 -2.889 134.3 261.5 -2.421 134.3 309.5 -0.517 220.9 134.3 -0.219 140.1 134.1 -0.015 313.1 150.0
D C 187.9 -278.9 1197.8 -440.1 1532.9 243.0 902.1 541.6 348.6 590.7
F 1579.504477 1723.750375 -2.577639
E -2.513723 27.371881 30.393614 0.208164
W C 1331.3 1905.9 373.7 1488.0 483.6 720.4 1170.3 794.1 1673.3 1079.5 1783.3 280.7
W E -0.240 126.0 76.9 -2.891 131.1 255.1 -2.420 131.1 302.2 -0.515 215.3 131.1 -0.248 136.8 130.8 -0.015 313.0 150.0
D C 155.6 -276.2 1169.5 -441.9 1500.5 242.6 873.3 546.4 318.8 593.1
F 1542.230630 1700.430784 -2.579074
E -2.537926 29.350316 35.301968 0.211591
W C 1323.6 1903.9 372.7 1487.3 481.1 720.4 1167.8 794.6 1670.1 1077.9 1783.4 280.7
W E -0.281 120.7 75.0 -2.893 128.1 249.0 -2.419 128.1 295.2 -0.512 210.0 128.1 -0.282 133.8 127.7 -0.015 313.0 150.0
D C 124.8 -274.1 1131.1 -439.3 1466.0 246.2 832.9 546.4 280.4 594.1
F 1542.571402 1700.797484 -2.580484
E -2.531677 29.195934 34.113203 0.188648
W C 1319.6 1902.6 372.4 1487.1 479.7 720.7 1166.4 795.1 1668.1 1076.8 1783.4 280.7
W E -0.314 116.7 73.2 -2.894 125.4 243.6 -2.419 125.4 289.0 -0.510 205.3 125.4 -0.304 131.0 124.8 -0.015 313.0 150.0
D C 113.1 -277.2 1117.5 -438.0 1443.4 251.6 818.1 551.1 264.3 597.6
F 1504.971120 1677.230361 -2.583001
E -2.547856 31.048324 38.713762 0.204533
W C 1315.8 1901.7 372.4 1486.7 478.6 721.1 1165.0 795.8 1666.7 1075.7 1783.4 280.7
W E -0.353 112.2 71.7 -2.896 122.8 238.4 -2.418 122.8 283.1 -0.508 200.8 122.8 -0.328 128.6 122.0 -0.015 313.0 150.0
D C 67.3 -274.8 1066.3 -436.9 1395.6 247.7 770.4 547.0 214.8 601.8
F 1467.689055 1652.761267 -2.573305
E -2.565683 32.859398 43.494480 0.216453
W C 1315.5 1901.6 372.6 1484.7 478.2 720.0 1164.2 796.0 1665.3 1074.5 1783.4 280.7
W E -0.357 112.1 71.5 -2.898 120.4 233.5 -2.417 120.4 277.6 -0.506 196.5 120.4 -0.350 126.3 119.3 -0.015 313.0 150.0
D C 1026.6 -435.5 1364.7 246.5 735.6 539.4 184.2 595.6
F 1467.579337 1652.751303 -2.573701
E -2.570549 32.758047 42.590473 0.196218
W C 1315.5 1901.6 373.4 1484.5 478.4 720.4 1164.3 796.9 1665.3 1074.2 1783.4 280.7
W E -0.359 112.1 71.4 -2.899 118.2 229.2 -2.417 118.1 272.6 -0.504 192.8 118.2 -0.361 124.3 116.9 -0.015 313.0 150.0
D C 997.1 -433.8 1324.9 251.9 698.2 545.7 146.0 600.5
F 1430.016064 1628.317514 -2.571937
E -2.585087 34.454059 46.594952 0.206056
W C 1315.4 1901.5 374.2 1483.3 478.8 719.9 1164.5 797.3 1665.4 1073.7 1780.6 280.1
W E -0.361 112.0 71.2 -2.901 116.0 224.3 -2.416 116.0 267.1 -0.503 188.5 116.1 -0.390 122.2 114.4 -0.002 300.5 145.8
D C 958.2 -434.5 1292.7 249.9 666.4 544.3 474.7 1317.1 112.0 603.8
F 1392.993294 1604.354381 -2.573391
E -2.593894 35.898147 50.523213 0.207375
W C 1309.0 1902.0 375.1 1481.6 478.9 719.4 1164.4 797.5 1665.0 1072.6 1777.6 279.4
W E -0.408 105.3 70.3 -2.903 114.0 219.5 -2.416 114.0 261.7 -0.502 184.4 114.1 -0.413 120.3 112.1 0.011 290.1 141.9
D C -47.4 -285.1 925.1 -422.9 1257.2 251.0 631.5 545.5 438.5 1317.1 81.6 604.0
F 1356.202200 1580.301426 -2.575377
E -2.600368 37.284429 54.433762 0.208702
W C 1303.2 1902.6 375.5 1479.4 479.1 718.4 1164.0 797.4 1664.5 1071.3 1774.6 278.4
W E -0.449 100.0 69.6 -2.904 112.2 215.0 -2.415 112.1 256.5 -0.501 180.4 112.2 -0.428 118.5 109.8 0.022 281.1 138.4
D C -78.6 -288.4 896.0 -426.3 1220.4 251.5 601.9 546.3 407.1 1316.5 48.0 606.7
F 1318.955656 1555.749434 -2.567746
E -2.605347 38.711479 58.421021 0.212438
W C 1303.1 1902.6 375.7 1477.6 479.4 717.6 1163.6 797.6 1664.1 1070.4 1772.9 277.7
W E -0.452 99.9 69.5 -2.906 110.4 210.6 -2.415 110.3 251.6 -0.501 176.7 110.4 -0.436 117.0 107.6 0.034 273.1 135.2
D C 848.2 -429.4 1172.2 252.8 550.1 540.9 358.9 1316.4 -4.2 609.6
F 1282.219415 1531.096316 -2.561451
E -2.609227 40.064783 62.388867 0.214425
W C 1303.1 1902.7 375.4 1474.8 479.6 715.9 1162.7 797.2 1663.2 1068.9 1771.4 276.6
W E -0.453 99.8 69.4 -2.907 108.7 206.5 -2.414 108.6 246.9 -0.502 173.1 108.7 -0.438 115.6 105.5 0.044 265.8 132.3
D C 833.9 -428.6 1149.7 255.4 535.0 545.7 342.8 1320.9 -21.1 610.9
F 1282.332574 1531.190942 -2.560632
E -2.611423 39.890105 61.400367 0.191094
W C 1303.2 1902.8 375.5 1473.5 479.9 715.4 1162.3 797.5 1663.1 1068.1 1770.3 275.8
W E -0.454 99.8 69.4 -2.908 107.1 202.8 -2.414 107.0 242.6 -0.503 169.9 107.1 -0.438 114.3 103.6 0.054 259.5 129.6
D C 801.3 -430.7 1119.8 252.3 506.2 542.3 317.0 1321.4 -51.5 614.4
F 1244.718814 1506.823385 -2.560481
E -2.613682 41.196835 65.264192 0.205872
W C 1303.3 1902.8 376.2 1472.4 480.1 715.3 1162.1 797.9 1663.0 1067.5 1769.4 275.1
W E -0.454 99.8 69.3 -2.910 105.6 199.2 -2.414 105.5 238.5 -0.505 166.9 105.5 -0.434 113.1 101.8 0.062 253.6 127.1
D C 743.2 -420.3 1069.2 254.8 450.7 543.2 262.7 1326.0 -104.8 612.2
F 1207.739666 1482.213082 -2.557844
E -2.615544 42.439088 69.203082 0.212636
W C 1303.4 1902.9 376.4 1470.1 480.2 714.3 1161.2 797.8 1662.6 1066.5 1767.9 274.5
W E -0.455 99.8 69.3 -2.910 104.2 195.7 -2.414 104.1 234.5 -0.507 163.9 104.0 -0.427 112.0 100.1 0.071 248.2 124.8
D C 724.6 -421.6 1054.6 251.3 437.8 541.0 248.2 1316.0 -122.5 613.4
F 1170.557311 1457.577477 -2.555116
E -2.616577 43.630651 73.196347 0.215924
W C 1303.5 1903.0 376.4 1468.0 480.2 713.4 1160.3 797.9 1662.2 1065.5 1766.9 273.8
W E -0.455 99.8 69.3 -2.911 102.8 192.3 -2.413 102.7 230.6 -0.511 161.2 102.6 -0.418 111.0 98.5 0.079 243.1 122.7
D C 681.4 -422.0 1006.0 252.8 390.4 541.0 199.3 1322.5 -167.7 618.9
F 1170.488566 1457.960662 -2.556394
E -2.617219 43.427356 72.385527 0.192975
W C 1303.6 1903.0 376.9 1466.7 480.3 713.1 1159.9 798.1 1662.1 1064.8 1765.8 273.3
W E -0.456 99.8 69.3 -2.912 101.5 189.3 -2.413 101.4 227.0 -0.514 158.7 101.2 -0.410 110.0 97.0 0.086 238.6 120.7
D C 664.2 -417.0 990.9 255.5 375.1 544.0 182.3 1319.4 -184.1 619.0
F 1133.258999 1433.742824 -2.558531
E -2.616877 44.604755 76.354763 0.211672
W C 1303.7 1903.0 377.0 1465.1 480.4 712.4 1159.2 798.1 1662.1 1064.8 1764.6 272.7
W E -0.456 99.7 69.2 -2.912 100.3 186.4 -2.413 100.1 223.7 -0.517 156.4 99.9 -0.416 109.9 96.9 0.092 234.5 118.9
D C 632.6 -416.4 954.7 261.8 340.5 546.0 145.9 1324.3
F 1096.152628 1409.376163 -2.556632
E -2.615860 45.741262 80.454503 0.221118
W C 1303.8 1903.0 377.0 1463.1 480.4 711.5 1158.0 797.9 1662.1 1064.8 1763.3 272.0
W E -0.456 99.7 69.2 -2.912 99.1 183.7 -2.413 99.0 220.5 -0.521 154.2 98.5 -0.419 109.9 96.8 0.099 230.6 117.2
D C 600.0 -416.4 924.3 259.6 313.0 545.7 117.1 1324.1
F 1059.203535 1385.123420 -2.557267
E -2.614633 46.825006 84.618455 0.225724
W C 1304.0 1903.1 376.8 1460.8 480.1 710.5 1156.4 797.6 1662.1 1064.9 1762.3 271.0
W E -0.456 99.7 69.2 -2.911 98.0 181.1 -2.413 97.8 217.3 -0.526 152.3 97.2 -0.421 109.8 96.8 0.105 227.0 115.7
D C 565.1 -415.8 892.5 259.6 281.0 546.6 85.1 1335.0
F 1021.912281 1361.071405 -2.558760
E -2.613234 47.866560 88.830240 0.228207
W C 1304.1 1903.1 376.7 1458.7 479.8 709.6 1154.9 797.2 1662.0 1065.0 1761.2 270.2
W E -0.456 99.7 69.2 -2.910 96.9 178.5 -2.413 96.7 214.3 -0.531 150.4 95.9 -0.423 109.8 96.8 0.111 223.6 114.3
D C 518.1 -408.9 845.8 268.6 232.5 552.9 27.6 1332.7
F 1022.069701 1361.529253 -2.559412
E -2.613417 47.637688 88.061778 0.205310
W C 1304.2 1903.2 376.7 1457.3 479.8 708.9 1154.1 796.9 1662.0 1065.0 1760.3 269.5
W E -0.457 99.7 69.2 -2.910 95.8 176.3 -2.413 95.7 211.5 -0.535 148.8 94.7 -0.424 109.8 96.7 0.116 220.5 112.9
D C 506.2 -414.8 830.8 263.9 219.6 550.2 23.5 1330.5
F 985.083231 1337.577389 -2.559790
E -2.612384 48.635451 92.164486 0.218997
W C 1304.3 1903.2 376.5 1455.4 479.6 708.3 1152.9 796.6 1662.0 1065.0 1759.6 268.7
W E -0.457 99.7 69.2 -2.908 94.8 174.2 -2.414 94.7 208.9 -0.540 147.3 93.5 -0.425 109.8 96.7 0.120 217.6 111.7
D C 477.6 -411.3 797.6 264.2 186.2 548.0 -17.4 1336.7
F 948.294978 1313.484670 -2.556233
E -2.611171 49.592140 96.363199 0.225906
W C 1304.5 1903.3 376.0 1453.3 479.2 707.4 1151.4 796.1 1662.0 1065.1 1758.7 268.0
W E -0.457 99.7 69.2 -2.906 93.8 172.1 -2.414 93.7 206.3 -0.544 145.9 92.3 -0.426 109.7 96.7 0.125 214.8 110.5
D C 442.9 -413.4 768.5 265.0 157.6 551.3 -42.1 1337.7
F 911.655552 1289.606795 -2.556782
E -2.609861 50.497723 100.607104 0.229347
W C 1304.7 1903.3 375.3 1450.8 478.7 706.6 1149.7 795.3 1662.0 1065.2 1757.8 267.2
W E -0.457 99.7 69.2 -2.904 92.8 170.2 -2.415 92.8 203.7 -0.548 144.7 91.1 -0.426 109.7 96.7 0.129 212.2 109.5
D C 412.3 -411.7 732.1 265.1 123.6 552.2 -83.4 1341.0
F 912.047946 1290.348535 -2.557035
E -2.609789 50.220172 99.896079 0.206944
W C 1304.8 1903.4 374.9 1449.2 478.5 706.0 1148.5 794.8 1662.0 1065.2 1757.3 266.5
W E -0.457 99.7 69.2 -2.902 91.9 168.5 -2.415 91.9 201.5 -0.551 143.6 90.0 -0.427 109.7 96.7 0.133 209.9 108.4
D C 396.0 -412.7 718.6 267.7 109.5 552.9 -99.9 1340.5
F 874.976285 1266.427281 -2.556501
E -2.608616 51.109354 104.084263 0.221050
W C 1305.0 1903.4 374.4 1447.9 478.3 705.4 1147.4 794.3 1661.9 1065.3 1756.9 265.9
W E -0.457 99.7 69.2 -2.900 90.9 166.9 -2.416 91.1 199.3 -0.554 142.5 88.8 -0.428 109.7 96.7 0.137 207.6 107.5
D C 351.1 -414.0 669.9 270.9 62.8 555.0 -150.2 1344.9
F 838.175182 1242.675482 -2.558038
E -2.607456 51.948436 108.357734 0.228090
W C 1305.1 1903.5 373.6 1446.3 477.9 704.8 1146.2 793.6 1661.9 1065.4 1756.6 265.1
W E -0.457 99.7 69.1 -2.897 90.0 165.4 -2.417 90.2 197.2 -0.556 141.6 87.7 -0.428 109.7 96.7 0.140 205.5 106.6
D C 320.9 -415.8 639.9 270.2 31.9 553.6 -180.6 1353.2
F 801.603344 1218.946004 -2.556660
E -2.606269 52.747249 112.706344 0.231898
W C 1305.3 1903.5 372.4 1444.2 477.3 704.0 1144.9 792.6 1662.0 1065.4 1755.8 264.4
W E -0.457 99.7 69.1 -2.894 89.0 164.0 -2.418 89.4 195.2 -0.558 140.8 86.7 -0.429 109.6 96.7 0.143 203.5 105.8
D C 291.5 -415.9 612.0 274.1 1.3 557.3 -209.2 1346.5
F 764.809302 1195.388230 -2.558127
E -2.604136 53.534690 117.396324 0.242001
W C 1305.5 1903.6 370.8 1442.3 476.3 703.5 1143.5 791.3 1662.1 1065.5 1755.6 264.5
W E -0.457 99.7 69.1 -2.891 88.0 163.0 -2.420 88.6 193.5 -0.558 140.1 85.7 -0.430 109.6 96.7 0.143 203.2 105.8
D C 259.1 -419.8 579.9 274.8 -29.7 560.6
F 764.881763 1196.194193 -2.560742
E -2.603603 53.190006 116.778724 0.222239
W C 1305.6 1903.6 370.4 1442.0 476.3 703.0 1143.1 790.8 1662.1 1065.6 1755.2 264.5
W E -0.457 99.7 69.1 -2.889 87.1 162.0 -2.420 87.9 192.0 -0.558 139.4 84.8 -0.430 109.6 96.7 0.142 203.0 105.8
D C 214.4 -418.7 534.3 275.6 -76.7 561.9
F 728.060593 1172.813419 -2.561430
E -2.601957 53.949862 121.419997 0.237850
W C 1305.7 1903.6 369.3 1440.9 475.5 702.5 1142.4 789.8 1662.1 1065.6 1755.0 264.5
W E -0.457 99.7 69.1 -2.888 86.1 161.2 -2.421 87.1 190.7 -0.558 138.8 84.0 -0.430 109.6 96.7 0.142 202.8 105.8
D C 201.0 -417.5 520.5 278.7 -95.3 567.1
F 691.123568 1149.587886 -2.566124
E -2.600594 54.663802 126.207356 0.246916
W C 1305.8 1903.6 368.0 1440.1 475.0 702.1 1141.8 788.8 1662.2 1065.7 1754.9 264.6
W E -0.458 99.7 69.1 -2.886 85.2 160.4 -2.423 86.4 189.4 -0.557 138.2 83.2 -0.431 109.6 96.7 0.142 202.7 105.8
D C 156.5 -420.1 471.2 282.9 -139.0 568.0
F 654.894839 1126.740893 -2.566052
E -2.599625 55.333795 131.110815 0.252524
W C 1306.0 1903.7 365.8 1438.7 473.9 701.7 1141.2 787.4 1662.4 1065.8 1754.9 264.7
W E -0.458 99.7 69.1 -2.885 84.2 159.7 -2.424 85.6 188.3 -0.556 137.7 82.5 -0.431 109.6 96.7 0.142 202.5 105.8
D C 142.9 -418.5 452.7 285.2 -155.2 572.6
F 655.039759 1127.839130 -2.572077
E -2.599208 55.036582 130.537827 0.236896
W C 1306.0 1903.7 365.0 1438.3 473.1 701.3 1141.2 787.3 1662.4 1065.8 1755.0 264.7
W E -0.458 99.7 69.1 -2.885 83.3 159.2 -2.425 85.0 187.5 -0.557 137.6 82.4 -0.432 109.6 96.7 0.142 202.5 105.8
D C 110.2 -416.7 423.6 285.4
F 617.378701 1104.758284 -2.580223
E -2.598014 55.815344 135.630653 0.255426
W C 1306.1 1903.7 364.2 1438.0 472.4 700.9 1141.3 787.3 1662.5 1065.9 1755.1 264.7
W E -0.458 99.7 69.1 -2.885 82.5 158.7 -2.425 84.3 186.8 -0.558 137.5 82.3 -0.432 109.6 96.7 0.142 202.4 105.8
D C 66.5 -419.3 375.4 287.9
F 580.224209 1082.048050 -2.585259
E -2.597327 56.541494 140.925844 0.267511
W C 1306.1 1903.6 362.5 1437.3 470.9 700.5 1141.8 787.3 1662.8 1065.9 1755.6 264.8
W E -0.458 99.7 69.1 -2.885 81.6 158.3 -2.426 83.6 186.2 -0.559 137.5 82.3 -0.432 109.6 96.7 0.142 202.3 105.8
D C 49.9 -423.1 356.3 291.0
F 543.036463 1059.379295 -2.592081
E -2.597444 57.209176 146.403869 0.275813
W C 1306.2 1903.6 361.0 1436.9 469.5 700.0 1142.3 787.3 1662.9 1066.0 1756.2 264.9
W E -0.458 99.7 69.1 -2.886 80.8 157.9 -2.426 82.9 185.7 -0.560 137.4 82.2 -0.433 109.6 96.7 0.142 202.3 105.8
D C 4.2 -422.5 309.2 293.0
F 543.541730 1059.975736 -2.595038
E -2.598323 56.847740 145.719186 0.257437
W C 1306.2 1903.6 360.2 1436.8 468.7 699.4 1142.6 787.3 1663.1 1066.0 1756.4 264.9
W E -0.458 99.7 69.1 -2.887 80.0 157.6 -2.427 82.3 185.3 -0.561 137.4 82.2 -0.433 109.6 96.6 0.142 202.2 105.8
D C -11.4 -425.9 290.8 293.1
F 506.229040 1037.264220 -2.596198
E -2.598857 57.508083 151.283125 0.271888
W C 1306.3 1903.6 358.9 1436.6 467.5 698.7 1143.1 787.4 1663.2 1066.1 1756.9 265.0
W E -0.458 99.7 69.1 -2.889 79.3 157.3 -2.427 81.6 184.9 -0.561 137.3 82.1 -0.433 109.6 96.6 0.142 202.2 105.8
D C -39.0 -426.5 257.8 295.7
F 468.770096 1014.621528 -2.600611
E -2.600039 58.097303 157.095958 0.282131
W C 1306.3 1903.6 357.8 1436.7 466.6 697.9 1143.5 787.4 1663.4 1066.2 1757.3 265.1
W E -0.458 99.7 69.1 -2.891 78.7 157.0 -2.426 80.9 184.7 -0.562 137.3 82.1 -0.434 109.6 96.6 0.142 202.1 105.8
D C -86.6 -430.1 204.9 297.1
F 432.761694 991.469320 -2.586442
E -2.601366 58.628844 163.180932 0.290612
W C 1306.4 1903.6 356.0 1436.8 464.9 696.2 1144.3 787.5 1663.6 1066.2 1758.0 265.2
W E -0.458 99.7 69.1 -2.893 78.1 156.7 -2.426 80.0 184.4 -0.562 137.2 82.0 -0.434 109.6 96.6 0.142 202.1 105.8
D C -102.3 -432.3 187.1 295.9
F 398.072871 966.801684 -2.511866
E -2.600668 59.409978 169.472796 0.305372
W C 1306.4 1903.6 353.9 1437.3 464.1 694.9 1145.0 787.6 1663.8 1066.3 1758.7 265.3
W E -0.458 99.7 69.1 -2.895 77.6 156.4 -2.425 79.1 184.2 -0.563 137.2 82.0 -0.434 109.6 96.6 0.142 202.0 105.8
D C -146.8 -436.5 137.0 299.6
F 398.381614 968.644144 -2.525484
E -2.601548 58.914285 168.714468 0.285704
W C 1306.5 1903.6 352.5 1437.6 463.6 694.0 1145.5 787.6 1664.0 1066.4 1759.2 265.4
W E -0.458 99.7 69.1 -2.896 77.2 156.2 -2.424 78.3 184.0 -0.563 137.1 82.0 -0.434 109.6 96.6 0.142 202.0 105.8
D C -165.7 -434.5 126.2 295.0
F 365.226476 938.732706 -2.426582
E -2.599424 59.881222 175.565509 0.316587
W C 1306.5 1903.6 352.5 1437.9 463.2 693.0 1145.5 787.7 1664.0 1066.4 1759.2 265.4
W E -0.458 99.7 69.1 -2.896 77.2 156.1 -2.422 77.5 183.9 -0.563 137.1 82.0 -0.434 109.6 96.6 0.142 202.0 105.8
D C 111.4 279.3
F 334.907563 906.307580 -2.325954
E -2.594545 60.592765 180.949932 0.319515
W C 1306.6 1903.6 352.6 1438.6 462.3 692.3 1145.3 787.8 1663.9 1066.4 1760.4 265.3
W E -0.458 99.7 69.1 -2.894 76.9 155.9 -2.424 75.9 183.0 -0.564 137.1 82.0 -0.435 109.6 96.6 0.145 199.4 105.4
D C 87.3 262.1 -513.4 1503.6
F 307.824440 872.429228 -2.230993
E -2.585155 61.056367 186.284145 0.323881
W C 1306.6 1903.6 353.0 1439.5 460.7 690.7 1145.1 787.9 1663.9 1066.4 1761.4 265.9
W E -0.458 99.7 69.1 -2.892 76.7 155.7 -2.424 74.2 182.2 -0.565 137.0 81.9 -0.435 109.5 96.6 0.148 197.2 105.0
D C 78.5 256.7 -485.0 1510.9
F 283.972256 836.542691 -2.136467
E -2.571541 61.399251 191.470144 0.329352
W C 1306.7 1903.7 353.4 1440.5 459.2 689.0 1144.8 788.0 1663.9 1066.5 1762.4 266.4
W E -0.458 99.7 69.1 -2.890 76.5 155.5 -2.424 72.4 181.5 -0.565 136.9 81.9 -0.435 109.5 96.6 0.151 195.3 104.7
D C 53.9 237.6 -385.1 1552.8
F 283.481145 837.860074 -2.137777
E -2.572366 61.051130 189.684713 0.305604
W C 1306.7 1903.7 353.7 1441.0 458.3 688.3 1144.7 788.1 1663.8 1066.5 1763.3 266.7
W E -0.458 99.7 69.1 -2.889 76.4 155.3 -2.424 71.0 181.0 -0.565 136.9 81.9 -0.435 109.5 96.6 0.155 193.7 104.5
D C 44.0 233.1 -357.2 1562.8
F 263.063002 799.949057 -2.043134
E -2.556069 61.415455 194.586176 0.320592
W C 1306.8 1903.7 354.0 1441.8 457.2 687.1 1144.5 788.1 1663.8 1066.5 1764.0 267.1
W E -0.458 99.7 69.1 -2.887 76.2 155.1 -2.423 69.5 180.5 -0.566 136.8 81.9 -0.435 109.5 96.6 0.158 192.3 104.2
D C 28.3 225.5 -276.6 1587.1
F 247.304257 758.834794 -1.939566
E -2.533627 62.035858 201.126371 0.356450
W C 1306.8 1903.7 354.3 1442.5 456.9 685.5 1144.3 788.2 1663.7 1066.5 1763.7 267.1
W E -0.458 99.7 69.1 -2.886 76.1 155.0 -2.420 68.7 180.3 -0.566 136.8 81.9 -0.435 109.5 96.6 0.158 192.3 104.2
D C 12.0 220.5
F 236.164556 717.599749 -1.835088
E -2.505696 63.127663 207.792982 0.387461
W C 1306.9 1903.8 354.6 1443.2 456.7 683.8 1144.1 788.4 1663.7 1066.5 1763.2 267.1
W E -0.458 99.7 69.1 -2.885 76.0 154.9 -2.417 68.1 180.0 -0.566 136.8 81.9 -0.435 109.5 96.6 0.158 192.2 104.2
D C -3.5 218.5
F 229.011912 674.326830 -1.737952
E -2.471134 65.094215 214.832732 0.416172
W C 1306.9 1903.8 354.8 1443.6 456.7 682.9 1144.0 788.4 1663.7 1066.5 1762.7 267.0
W E -0.458 99.7 69.1 -2.884 75.9 154.9 -2.414 67.7 179.8 -0.566 136.8 81.9 -0.435 109.5 96.6 0.158 192.1 104.2
D C -31.5 220.8
F 229.011912 674.326830 -1.737952
E -2.471134 65.094215 214.832732 0.416172
W C 1306.9 1903.8 354.8 1443.6 456.7 682.9 1144.0 788.4 1663.7 1066.5 1762.7 267.0
W E -0.458 99.7 69.1 -2.884 75.9 154.9 -2.414 67.7 179.8 -0.566 136.8 81.9 -0.435 109.5 96.6 0.158 192.1 104.2
D C
F 222.374378 633.391845 -1.603086
E -2.442316 67.921411 217.996417 0.409825
W C 1306.9 1903.8 355.3 1444.2 455.2 682.1 1143.9 788.4 1663.6 1066.5 1763.7 267.9
W E -0.458 99.7 69.1 -2.883 75.8 154.8 -2.416 67.1 179.5 -0.566 136.8 81.9 -0.435 109.5 96.6 0.160 190.9 104.1
D C 122.1 1605.2
F 220.796108 593.648751 -1.464342
E -2.414134 71.064769 220.464527 0.407588
W C 1306.9 1903.8 355.8 1444.7 454.0 681.3 1143.8 788.4 1663.6 1066.5 1764.3 268.7
W E -0.458 99.7 69.1 -2.882 75.8 154.7 -2.417 66.8 179.2 -0.567 136.7 81.9 -0.436 109.5 96.6 0.163 189.8 104.0
D C 253.5 1583.1
F 234.516566 551.774013 -1.286464
E -2.372269 76.306456 225.757849 0.458694
W C 1306.9 1903.8 355.8 1444.7 454.0 681.3 1143.8 788.4 1663.6 1066.5 1764.3 268.7 1826.6 693.4
W E -0.458 99.7 69.1 -2.882 75.8 154.7 -2.417 66.8 179.2 -0.567 136.7 81.9 -0.436 109.5 96.6 0.163 189.8 104.0 -3.084 620.2 1432.0
D C 310.7 1567.9
F 232.021431 551.392333 -1.308579
E -2.382048 74.303846 224.110787 0.411099
W C 1306.9 1903.8 355.8 1444.2 454.7 680.4 1143.1 789.5 1663.7 1066.6 1764.3 268.3 1825.2 559.2
W E -0.458 99.7 69.1 -2.882 75.8 154.6 -2.417 66.5 179.0 -0.567 136.3 81.5 -0.436 109.5 96.6 0.162 189.6 103.9 -3.097 450.7 1077.3
D C 493.5 1497.5 -73.5 911.2
F 245.906631 513.202314 -1.190498
E -0.780417 226.455998 77.451702 0.404551
W C 1306.9 1903.8 355.8 1443.6 455.6 679.2 1142.2 790.7 1663.8 1066.6 1764.4 267.9 1822.6 530.7
W E -0.458 99.7 69.1 -2.882 75.8 154.6 -2.418 66.3 178.8 -0.568 136.0 81.2 -0.436 109.5 96.6 0.161 189.5 103.8 -3.129 379.3 908.3
D C 546.3 1473.2 -45.1 905.1
F 261.085887 475.933541 -1.088756
E -0.760034 226.155408 78.868774 0.365124
W C 1306.9 1903.7 356.0 1442.9 456.6 678.0 1141.9 790.6 1663.2 1067.8 1764.5 267.3 1818.0 473.9
W E -0.458 99.7 69.1 -2.881 75.7 154.5 -2.420 66.0 178.4 -0.569 135.6 80.9 -0.456 109.0 96.1 0.160 189.0 103.8 3.140 337.5 778.9
D C 718.3 1366.3 51.8 899.4 -70.7 1510.6
F 285.096706 441.487446 -0.962672
E -0.729397 227.434119 82.025732 0.371026
W C 1306.9 1903.7 356.0 1442.5 457.3 677.5 1141.0 791.3 1663.2 1067.6 1765.0 267.3 1816.0 467.3
W E -0.458 99.7 69.1 -2.881 75.7 154.4 -2.421 65.9 178.2 -0.571 135.3 80.7 -0.456 109.0 96.1 0.160 188.9 103.7 3.121 310.6 708.1
D C 821.0 1281.3 108.2 882.4
F 285.362339 440.487339 -0.968089
E -0.735696 226.453176 80.287034 0.345226
W C 1306.9 1903.7 355.9 1442.2 457.9 677.1 1140.4 791.6 1663.3 1067.6 1765.4 267.4 1812.5 455.3
W E -0.458 99.7 69.1 -2.881 75.7 154.4 -2.421 65.7 178.1 -0.573 135.1 80.5 -0.456 109.0 96.1 0.159 188.8 103.7 3.107 291.1 656.1
D C 865.4 1230.7 138.0 879.0
F 315.053096 410.118730 -0.825009
E -0.704908 227.234592 83.379017 0.358552
W C 1306.8 1903.7 355.9 1441.9 458.6 676.8 1139.8 791.8 1663.4 1067.6 1766.0 267.5 1809.7 446.3
W E -0.458 99.7 69.1 -2.881 75.7 154.4 -2.422 65.6 178.0 -0.575 134.9 80.4 -0.456 109.0 96.1 0.159 188.7 103.7 3.095 276.4 614.1
D C 990.5 1087.7 221.3 842.1
F 345.967422 383.298234 -0.710350
E -0.674660 227.253461 86.626238 0.362097
W C 1306.8 1903.7 355.8 1441.6 459.1 676.5 1139.0 792.2 1663.4 1067.5 1766.4 267.6 1809.7 443.2
W E -0.458 99.7 69.1 -2.881 75.7 154.3 -2.422 65.5 177.9 -0.577 134.7 80.2 -0.456 109.0 96.0 0.159 188.6 103.7 3.086 264.9 578.9
D C 1034.3 1035.8 249.3 824.2
F 381.742005 359.916085 -0.573529
E -0.643356 226.733835 90.235075 0.367734
W C 1306.8 1903.7 355.7 1441.4 459.7 676.2 1138.4 792.4 1663.4 1067.5 1766.8 267.7 1808.5 439.9
W E -0.458 99.7 69.1 -2.881 75.7 154.3 -2.422 65.4 177.8 -0.578 134.5 80.1 -0.456 109.0 96.0 0.159 188.5 103.7 3.078 255.5 548.7
D C 1117.9 868.2 321.9 778.7
F 418.675911 340.910651 -0.452465
E -0.613668 225.518800 93.749823 0.367390
W C 1306.8 1903.7 355.7 1441.2 460.1 676.0 1137.8 792.6 1663.5 1067.4 1767.1 267.8 1808.5 438.4
W E -0.458 99.7 69.1 -2.880 75.7 154.3 -2.423 65.4 177.8 -0.580 134.4 80.0 -0.456 109.0 96.0 0.158 188.4 103.7 3.070 247.8 522.2
D C 1169.4 756.9 368.4 738.9
F 419.089772 339.804955 -0.458905
E -0.619233 224.857231 91.451184 0.339302
W C 1306.8 1903.7 355.7 1441.0 460.5 675.9 1137.3 792.8 1663.5 1067.4 1767.5 267.9 1807.6 435.0
W E -0.458 99.7 69.1 -2.880 75.6 154.3 -2.423 65.3 177.7 -0.582 134.2 79.9 -0.456 109.0 96.0 0.158 188.4 103.7 3.063 241.1 499.9
D C 1186.4 692.7 388.9 718.3
F 459.907055 327.458895 -0.315165
E -0.590378 223.198029 94.701121 0.350757
W C 1306.8 1903.7 355.6 1440.8 461.1 675.7 1136.7 792.9 1663.5 1067.5 1768.0 268.0 1806.5 432.0
W E -0.458 99.7 69.1 -2.880 75.6 154.3 -2.424 65.2 177.7 -0.584 134.1 79.8 -0.456 109.0 96.0 0.158 188.3 103.7 3.056 235.4 479.6
D C 1228.1 496.6 441.6 640.4
F 500.353167 318.521333 -0.191544
E -0.563208 220.821261 97.927110 0.356667
W C 1306.8 1903.7 355.6 1440.7 461.4 675.6 1136.1 793.0 1663.6 1067.4 1768.3 268.1 1807.3 431.3
W E -0.458 99.7 69.1 -2.880 75.6 154.3 -2.424 65.1 177.6 -0.585 133.9 79.7 -0.456 109.0 96.0 0.158 188.2 103.7 3.049 230.5 461.0
D C 1241.8 441.1 458.4 619.1
F 542.120646 315.453749 -0.062311
E -0.538125 217.925763 100.990845 0.357646
W C 1306.8 1903.7 355.5 1440.5 461.8 675.5 1135.6 793.1 1663.6 1067.5 1768.6 268.2 1807.6 430.0
W E -0.458 99.7 69.1 -2.880 75.6 154.3 -2.424 65.1 177.6 -0.587 133.8 79.6 -0.456 109.0 96.0 0.158 188.2 103.7 3.042 226.0 444.0
D C 1244.9 232.8 503.6 533.0
F 542.190893 315.013643 -0.067727
E -0.558079 215.322285 95.692021 0.310180
W C 1306.8 1903.7 355.5 1440.7 461.8 675.8 1135.3 792.3 1663.6 1067.5 1768.8 269.0 1808.0 428.0
W E -0.458 99.7 69.1 -2.879 75.6 154.1 -2.426 65.0 177.2 -0.585 133.5 79.1 -0.456 109.0 96.0 0.158 186.9 103.3 3.048 225.0 425.5
D C 1219.6 102.2 521.9 470.9
F 585.706540 315.459892 -0.035088
E -0.544686 210.561995 94.274051 0.286285
W C 1306.5 1903.3 355.7 1441.6 461.1 676.9 1135.0 791.8 1663.5 1067.5 1769.5 269.7 1807.1 429.2
W E -0.457 99.5 68.8 -2.878 75.5 154.0 -2.426 64.8 176.8 -0.580 133.0 78.6 -0.456 109.0 96.0 0.158 185.8 102.9 3.054 224.1 411.4
D C 1209.0 41.7 528.2 442.3 598.4 1583.6
F 630.838465 319.349331 -0.006094
E -0.526365 206.009000 94.456442 0.276308
W C 1306.3 1903.4 356.2 1441.3 460.6 677.2 1134.7 791.6 1663.5 1067.5 1770.0 269.9 1806.4 438.5
W E -0.457 99.5 68.8 -2.879 75.3 153.5 -2.427 64.7 176.5 -0.579 132.6 78.2 -0.457 109.0 96.0 0.158 184.7 102.6 3.059 223.2 405.0
D C 1155.2 -77.2 513.9 389.1 -227.3 1102.7
F 673.651171 324.662052 0.019294
E -0.506956 201.709275 94.693531 0.270686
W C 1306.2 1903.5 356.8 1441.4 459.5 677.8 1134.5 791.1 1663.4 1067.5 1771.1 270.4 1804.1 442.9
W E -0.457 99.5 68.8 -2.880 75.2 153.1 -2.428 64.6 176.3 -0.577 132.2 77.9 -0.457 109.0 96.0 0.159 183.8 102.3 3.064 222.3 400.7
D C 1138.0 -104.2 504.8 377.4 -217.7 1107.8
F 716.203842 331.089112 0.047367
E -0.487076 197.609672 94.930329 0.266931
W C 1306.1 1903.6 357.2 1441.6 458.7 678.3 1134.6 790.6 1663.3 1067.5 1771.7 270.9 1802.3 445.9
W E -0.457 99.5 68.8 -2.882 75.0 152.7 -2.429 64.5 176.0 -0.576 131.8 77.6 -0.457 109.0 96.0 0.159 182.9 102.0 3.069 221.5 397.4
D C 1079.7 -145.8 471.7 359.5 -234.2 1119.0
F 715.448948 334.207810 0.061201
E -0.492536 196.024653 92.677997 0.243340
W C 1306.1 1903.7 357.4 1441.7 458.2 678.7 1134.6 790.0 1663.3 1067.5 1771.9 271.3 1801.4 448.2
W E -0.457 99.5 68.8 -2.883 74.9 152.3 -2.430 64.4 175.8 -0.574 131.5 77.3 -0.457 109.0 96.0 0.160 182.1 101.7 3.074 220.8 394.8
D C 1061.5 -150.0 458.2 358.1 -251.2 1114.9
F 759.421459 339.569608 0.074528
E -0.471122 192.117834 93.043487 0.253017
W C 1306.0 1903.7 357.4 1441.9 457.8 679.1 1134.7 789.3 1663.3 1067.5 1772.1 271.8 1800.7 449.4
W E -0.457 99.5 68.8 -2.884 74.7 152.0 -2.431 64.3 175.6 -0.573 131.1 77.0 -0.457 109.0 96.0 0.161 181.4 101.4 3.079 220.2 392.6
D C 1016.0 -149.9 411.8 358.0 -302.9 1118.1
F 802.746053 346.071451 0.086339
E -0.447344 188.342572 92.350302 0.249493
W C 1306.0 1903.4 357.5 1442.4 457.1 679.9 1134.7 788.8 1663.2 1067.5 1772.3 272.5 1799.4 450.3
W E -0.455 99.2 68.6 -2.885 74.5 151.5 -2.431 64.2 175.3 -0.569 130.5 76.6 -0.457 109.0 96.0 0.162 180.7 101.0 3.083 219.5 389.7
D C 985.4 -154.7 381.6 355.0 618.0 1482.2 -325.8 1120.5
F 844.630406 352.179554 0.097813
E -0.424281 184.716027 92.851953 0.256151
W C 1305.9 1903.4 357.8 1442.9 456.1 680.6 1135.0 787.9 1663.1 1067.4 1772.7 273.1 1797.0 447.3
W E -0.455 99.2 68.6 -2.886 74.4 151.2 -2.431 64.2 175.1 -0.567 130.2 76.3 -0.458 109.0 96.0 0.163 180.0 100.6 3.088 219.0 387.9
D C 965.4 -154.6 363.7 357.6 -338.5 1125.2
F 885.069446 357.228603 0.100916
E -0.407211 180.564924 91.850656 0.249258
W C 1305.9 1903.4 357.9 1443.6 454.9 681.3 1135.2 786.6 1663.5 1068.2 1772.3 273.3 1794.1 442.2
W E -0.455 99.2 68.6 -2.887 74.2 150.8 -2.433 64.0 174.9 -0.565 129.6 75.9 -0.460 108.4 95.2 0.163 179.0 100.1 3.096 218.0 385.0
D C 920.6 -156.1 865.4 667.9 316.4 356.2 -393.2 1128.9
F 884.320824 357.237336 0.099744
E -0.418884 179.003374 89.190818 0.228871
W C 1305.9 1903.4 358.0 1443.8 454.6 681.5 1135.5 785.7 1663.3 1068.7 1772.3 273.4 1793.5 441.3
W E -0.455 99.2 68.6 -2.887 74.2 150.7 -2.434 63.9 174.6 -0.564 129.1 75.5 -0.463 108.0 94.4 0.162 178.1 99.6 3.103 217.3 382.7
D C 887.6 -156.1 828.7 664.3 284.4 355.9
F 927.491325 361.763330 0.101408
E -0.399701 175.478713 88.588646 0.242674
W C 1305.9 1903.4 358.1 1444.1 454.2 681.9 1135.8 784.7 1663.2 1069.2 1772.2 273.6 1792.5 439.5
W E -0.455 99.2 68.6 -2.887 74.2 150.6 -2.435 63.9 174.4 -0.563 128.6 75.1 -0.465 107.6 93.6 0.162 177.2 99.1 3.110 216.6 380.7
D C 850.6 -157.7 797.1 663.4 250.3 355.9
F 969.441649 366.317428 0.102977
E -0.379842 172.177083 88.083078 0.249518
W C 1305.9 1903.4 358.2 1444.5 453.6 682.2 1136.2 783.7 1663.2 1069.7 1772.0 273.7 1791.0 436.8
W E -0.455 99.2 68.6 -2.886 74.1 150.6 -2.435 63.8 174.3 -0.562 128.1 74.8 -0.467 107.1 93.0 0.161 176.3 98.6 3.116 216.0 378.8
D C 818.5 -162.2 765.7 657.4 220.1 357.8
F 1010.094093 371.101540 0.108915
E -0.358574 169.032915 87.718181 0.253780
W C 1305.9 1903.4 358.3 1445.2 452.6 682.8 1136.8 782.5 1663.3 1070.4 1771.6 273.7 1788.3 431.5
W E -0.455 99.2 68.6 -2.886 74.1 150.5 -2.436 63.7 174.1 -0.561 127.6 74.4 -0.467 106.7 92.3 0.161 175.5 98.1 3.121 215.4 377.2
D C 802.3 -166.7 749.5 655.6 206.9 358.1
F 1010.029708 370.715587 0.105079
E -0.367825 167.906934 85.615165 0.232778
W C 1305.9 1903.4 358.3 1445.2 452.6 682.9 1137.0 782.0 1663.1 1070.8 1771.9 273.7 1788.2 431.4
W E -0.455 99.2 68.6 -2.886 74.1 150.4 -2.437 63.7 173.9 -0.560 127.2 74.1 -0.467 106.3 91.7 0.160 174.7 97.6 3.126 214.8 375.7
D C 758.5 -167.3 700.8 660.0 156.1 358.9
F 1052.584730 375.081872 0.105127
E -0.344308 165.069133 85.378156 0.245343
W C 1305.9 1903.3 358.4 1445.5 452.1 683.2 1137.3 781.2 1662.9 1071.3 1771.8 273.7 1787.0 429.0
W E -0.455 99.2 68.6 -2.886 74.1 150.4 -2.437 63.6 173.8 -0.560 126.7 73.8 -0.467 105.9 91.1 0.160 174.0 97.1 3.131 214.3 374.4
D C 739.3 -167.8 679.8 660.2 139.5 359.2
F 1095.788440 379.319272 0.104170
E -0.320002 162.394094 85.291374 0.252311
W C 1305.9 1903.3 358.5 1445.8 451.7 683.5 1137.7 780.5 1662.7 1071.8 1771.9 273.6 1786.0 426.9
W E -0.455 99.2 68.6 -2.886 74.1 150.3 -2.438 63.6 173.7 -0.561 126.3 73.5 -0.465 105.5 90.5 0.160 173.3 96.5 3.135 213.9 373.1
D C 693.8 -171.0 631.8 664.6 94.7 360.3
F 1138.010502 383.476817 0.105036
E -0.295329 159.910190 85.297320 0.255591
W C 1306.0 1903.3 358.6 1446.1 451.2 683.7 1138.1 779.9 1662.5 1072.2 1772.0 273.6 1784.6 424.1
W E -0.455 99.2 68.6 -2.886 74.1 150.3 -2.438 63.5 173.6 -0.562 125.9 73.2 -0.463 105.1 89.9 0.159 172.6 96.0 3.139 213.5 372.0
D C 666.3 -170.7 595.6 658.1 63.8 362.6
F 1178.898030 387.721283 0.111216
E -0.269697 157.591595 85.406391 0.257614
W C 1306.0 1903.3 358.7 1446.6 450.4 684.2 1138.7 779.3 1662.3 1072.6 1771.9 273.5 1782.3 419.2
W E -0.455 99.2 68.6 -2.886 74.0 150.2 -2.439 63.5 173.4 -0.563 125.5 73.0 -0.460 104.7 89.4 0.159 171.9 95.4 -3.141 213.1 370.9
D C 648.8 -174.7 583.1 656.4 47.9 363.1
F 1178.723988 387.245422 0.106983
E -0.277684 156.759247 83.286744 0.235821
W C 1306.0 1903.3 358.7 1446.7 450.3 684.3 1138.8 779.0 1662.1 1072.9 1772.4 273.4 1782.1 419.1
W E -0.455 99.2 68.6 -2.885 74.0 150.2 -2.439 63.4 173.3 -0.564 125.2 72.7 -0.457 104.4 88.8 0.159 171.3 94.9 -3.137 212.7 370.0
D C 603.7 -176.6 536.2 654.4 -0.3 365.0
F 1222.160660 391.843082 0.119501
E -0.250285 154.654941 83.490048 0.247746
W C 1306.0 1903.3 358.8 1446.8 450.2 684.4 1138.9 778.6 1661.9 1073.1 1772.9 273.4 1781.6 418.3
W E -0.455 99.2 68.6 -2.885 74.0 150.1 -2.439 63.4 173.2 -0.565 124.9 72.4 -0.454 104.0 88.3 0.158 170.8 94.3 -3.134 212.4 369.2
D C 570.1 -174.4 500.0 654.1 -32.9 366.1
F 1266.882740 400.819755 0.209087
E -0.215914 152.794578 85.214753 0.266242
W C 1306.0 1903.2 359.0 1446.3 451.1 684.2 1138.9 777.2 1660.7 1074.5 1773.5 273.3 1787.2 387.1
W E -0.455 99.2 68.6 -2.885 74.0 150.0 -2.440 63.3 173.1 -0.566 124.6 71.8 -0.454 103.6 87.9 0.156 170.5 94.0 3.098 207.7 291.5
D C 540.6 -176.3 467.2 651.6 -64.7 364.7
F 1309.593794 413.835473 0.337909
E -0.180648 150.745339 87.444793 0.295008
W C 1306.0 1903.2 359.2 1446.1 451.7 684.1 1139.3 776.2 1659.6 1075.8 1773.8 272.4 1792.0 380.7
W E -0.455 99.2 68.6 -2.885 74.0 150.0 -2.441 63.2 173.1 -0.567 124.4 71.4 -0.456 103.2 87.4 0.154 170.2 93.7 3.031 203.6 255.2
D C 495.0 -211.8 473.4 623.2 -72.1 366.8
F 1310.606635 411.470894 0.318115
E -0.182591 150.341907 86.131775 0.271963
W C 1305.9 1903.2 359.3 1445.8 452.2 684.0 1139.5 775.3 1658.7 1076.9 1774.2 272.1 1795.0 366.3
W E -0.455 99.2 68.6 -2.885 74.0 150.0 -2.441 63.2 173.0 -0.567 124.2 71.0 -0.458 102.9 87.1 0.152 170.0 93.5 2.934 199.4 235.1
D C 467.3 -233.0 477.6 609.1 -77.0 367.7
F 1350.651193 429.162342 0.455234
E -0.145361 147.886719 87.284774 0.289335
W C 1304.9 1903.2 359.6 1446.0 452.5 684.5 1140.0 774.5 1658.5 1077.2 1773.9 271.5 1797.1 350.5
W E -0.449 98.6 68.3 -2.885 74.0 149.8 -2.441 63.1 172.8 -0.567 123.8 70.6 -0.454 102.4 86.6 0.150 169.8 93.1 2.766 195.0 218.4
D C 384.1 -301.2 513.5 530.3 421.7 1394.0 -68.8 368.2
F 1385.623637 450.425330 0.574165
E -0.115491 145.112980 88.038542 0.286968
W C 1304.3 1903.1 359.8 1446.2 452.6 684.8 1140.2 773.8 1658.3 1077.6 1773.8 271.4 1798.3 337.9
W E -0.444 98.2 68.2 -2.885 74.0 149.7 -2.441 63.1 172.7 -0.566 123.5 70.2 -0.451 101.9 86.2 0.148 169.6 92.8 2.510 189.5 206.8
D C 292.0 -357.5 542.5 445.9 577.0 1315.3 -59.0 372.3
F 1417.782754 472.756400 0.662170
E -0.089947 142.050478 88.632093 0.282304
W C 1303.9 1902.9 359.9 1446.7 452.4 685.4 1140.6 773.5 1658.0 1078.0 1773.1 271.0 1800.6 331.0
W E -0.439 97.7 68.0 -2.885 74.0 149.6 -2.441 63.1 172.5 -0.566 123.2 69.8 -0.447 101.4 85.8 0.146 169.4 92.5 0.671 199.6 182.9
D C 255.9 -377.3 547.0 414.2 621.5 1275.8 -54.4 372.7
F 1417.452958 471.774572 0.652660
E -0.107746 141.170165 85.306495 0.250079
W C 1304.1 1902.8 359.9 1446.8 452.3 685.5 1140.4 773.0 1657.8 1078.1 1774.1 271.5 1800.0 328.9
W E -0.439 97.7 68.0 -2.885 74.0 149.5 -2.441 63.0 172.4 -0.567 123.0 69.4 -0.440 101.0 85.3 0.144 168.9 91.5 0.511 196.5 180.3
D C 187.9 -402.9 556.5 357.8 -47.5 373.2
F 1446.113958 501.220206 0.782941
E -0.082660 138.087359 85.935295 0.264983
W C 1304.0 1902.5 360.0 1447.1 452.3 685.9 1140.5 772.7 1657.5 1078.7 1773.8 271.4 1800.7 322.9
W E -0.434 97.2 67.8 -2.885 74.0 149.4 -2.441 63.0 172.3 -0.566 122.7 69.0 -0.436 100.4 84.9 0.142 168.7 91.2 0.365 192.8 173.1
D C 120.7 -424.8 560.1 299.9 791.8 1126.0 -41.8 374.4
F 1470.878898 532.593111 0.896411
E -0.063927 134.766383 86.412347 0.269039
W C 1303.8 1902.2 360.0 1447.5 452.1 686.3 1140.5 772.5 1657.3 1079.2 1773.3 271.3 1802.2 318.9
W E -0.429 96.8 67.6 -2.884 74.0 149.3 -2.441 63.0 172.2 -0.565 122.5 68.6 -0.433 99.9 84.5 0.141 168.5 90.9 0.291 189.9 167.2
D C 45.3 -442.5 558.3 237.8 874.6 1034.6 -34.7 373.1
F 1492.207923 565.732075 1.006543
E -0.055469 131.303302 87.883610 0.286545
W C 1304.4 1902.0 360.0 1447.7 452.0 686.5 1140.6 772.1 1656.5 1080.2 1772.8 270.9 1806.4 318.7
W E -0.429 96.8 67.6 -2.884 74.0 149.3 -2.441 63.0 172.1 -0.565 122.3 68.3 -0.435 99.6 84.2 0.140 168.4 90.8 0.270 187.7 163.3
D C 8.6 -446.6 556.9 207.5 -31.4 374.2
F 1507.843403 596.240692 1.123022
E -0.044331 127.947501 87.633450 0.270005
W C 1304.1 1901.9 360.0 1447.9 451.6 687.1 1140.6 772.2 1656.9 1080.4 1771.7 270.4 1808.1 314.4
W E -0.425 96.3 67.5 -2.887 73.7 148.8 -2.441 63.0 172.0 -0.563 122.0 67.8 -0.429 98.9 83.8 0.139 168.2 90.6 0.238 185.3 158.6
D C -104.3 -453.2 534.5 120.4 998.4 846.7 194.9 1410.6 -21.0 374.8
F 1505.626763 597.304704 1.127029
E -0.048219 126.901754 84.515389 0.225879
W C 1304.2 1901.5 360.1 1448.4 451.7 687.5 1139.9 771.9 1656.4 1080.8 1773.4 271.0 1807.2 315.7
W E -0.420 95.8 67.3 -2.889 73.5 148.4 -2.441 62.8 171.6 -0.562 121.7 67.3 -0.420 98.1 83.3 0.136 167.3 89.8 0.188 184.0 156.1
D C -178.0 -446.0 512.5 55.6 1055.3 725.2 322.9 1383.0 -9.3 369.3 -318.6 961.9
F 1513.034286 633.771640 1.301521
E -0.040369 123.436986 84.691011 0.247833
W C 1304.1 1901.2 360.2 1448.6 452.0 687.5 1139.7 771.5 1656.4 1081.3 1773.0 271.1 1806.5 316.0
W E -0.416 95.4 67.1 -2.892 73.3 148.1 -2.442 62.7 171.2 -0.560 121.4 66.8 -0.415 97.4 83.0 0.135 167.2 89.6 0.177 183.8 154.9
D C 488.7 -19.1 1115.7 575.6 473.2 1325.7 13.1 361.8 -220.7 993.5
F 1515.968326 670.033115 1.456696
E -0.044840 119.988597 84.529152 0.261710
W C 1303.9 1901.0 360.3 1448.8 451.8 687.9 1139.8 771.2 1656.4 1081.8 1772.7 271.0 1806.0 315.6
W E -0.413 94.9 67.0 -2.894 73.0 147.7 -2.442 62.7 171.1 -0.557 121.1 66.4 -0.408 96.7 82.6 0.134 167.0 89.3 0.169 183.6 153.8
D C 456.0 -83.1 1153.1 425.6 612.4 1247.4 33.3 351.8
F 1511.541181 707.079846 1.629817
E -0.068262 116.718090 84.690548 0.279160
W C 1303.8 1901.0 360.6 1448.7 451.7 687.9 1139.9 770.5 1656.4 1082.2 1772.6 271.1 1805.7 316.1
W E -0.413 94.9 67.0 -2.896 72.8 147.4 -2.442 62.6 171.1 -0.556 121.0 66.1 -0.406 96.2 82.3 0.133 166.9 89.3 0.165 183.4 153.1
D C 388.3 -177.5 791.3 1096.5 58.8 334.4
F 1509.785750 708.771528 1.640742
E -0.055988 116.134240 83.073396 0.242812
W C 1303.9 1900.7 360.7 1449.0 451.4 688.3 1139.7 770.1 1656.6 1082.6 1772.4 271.5 1805.4 317.7
W E -0.409 94.4 66.8 -2.899 72.6 147.1 -2.442 62.6 171.0 -0.553 120.7 65.7 -0.398 95.5 82.0 0.132 166.8 89.1 0.158 183.3 152.2
D C 361.4 -204.4 1167.8 112.3 848.8 1048.9 66.9 327.2
F 1497.937325 745.966894 1.824563
E -0.091216 112.910242 82.369650 0.263346
W C 1303.6 1900.5 360.8 1449.4 451.1 688.7 1139.6 769.7 1656.9 1083.0 1772.1 271.7 1804.9 318.6
W E -0.406 94.0 66.7 -2.901 72.4 146.8 -2.442 62.6 170.9 -0.550 120.5 65.3 -0.386 94.8 81.7 0.132 166.7 88.9 0.153 183.1 151.4
D C 299.1 -257.6 1139.5 -48.1 958.3 919.4 80.4 309.7
F 1482.021032 779.578825 1.982859
E -0.135231 110.262450 81.093913 0.268091
W C 1303.4 1900.3 360.9 1449.8 450.8 689.0 1139.7 769.3 1657.2 1083.3 1771.7 271.7 1804.4 318.9
W E -0.402 93.6 66.6 -2.903 72.2 146.4 -2.441 62.6 170.8 -0.547 120.2 64.9 -0.371 94.0 81.3 0.131 166.6 88.8 0.149 183.0 150.6
D C 230.0 -296.1 1093.5 -195.8 1039.4 787.0 91.0 291.0
F 1462.550076 809.714707 2.125972
E -0.179939 108.167084 79.466541 0.267629
W C 1303.1 1900.1 361.0 1450.2 450.6 689.4 1139.9 768.9 1657.4 1083.8 1771.2 271.5 1803.8 318.6
W E -0.399 93.2 66.4 -2.904 72.0 146.1 -2.441 62.6 170.7 -0.543 119.9 64.5 -0.351 93.3 81.0 0.131 166.5 88.6 0.145 182.8 149.9
D C 160.0 -329.9 1025.6 -345.0 1108.0 642.3 100.3 272.9
F 1441.200237 839.141188 2.202181
E -0.218794 106.248562 77.564502 0.258069
W C 1303.0 1899.9 361.0 1450.5 450.4 689.5 1140.1 768.8 1657.5 1084.7 1770.6 270.8 1803.2 316.7
W E -0.396 92.8 66.3 -2.906 71.7 145.8 -2.441 62.6 170.6 -0.539 119.6 64.1 -0.327 92.7 80.5 0.130 166.4 88.5 0.141 182.7 149.2
D C 126.2 -345.2 988.0 -411.9 1127.3 564.2 103.5 264.0
F 1437.552992 839.318692 2.231132
E -0.205712 105.500099 76.226193 0.228612
W C 1302.8 1899.8 361.0 1451.0 450.2 689.7 1140.1 768.4 1657.6 1084.8 1770.5 271.1 1803.0 317.6
W E -0.393 92.4 66.1 -2.908 71.5 145.6 -2.441 62.5 170.5 -0.535 119.3 63.8 -0.304 92.1 80.1 0.130 166.4 88.4 0.138 182.6 148.7
D C 21.0 -374.4 861.3 -590.0 1181.2 351.4 111.6 238.2
F 1404.980082 872.906535 2.277372
E -0.250362 103.580148 74.581924 0.235621
W C 1302.8 1899.7 361.0 1451.3 450.2 689.8 1140.1 768.2 1657.5 1084.9 1770.6 271.2 1803.2 318.0
W E -0.390 92.0 66.0 -2.909 71.3 145.3 -2.441 62.5 170.5 -0.530 118.9 63.5 -0.278 91.5 79.7 0.129 166.3 88.3 0.135 182.5 148.2
D C -50.1 -379.6 773.3 -670.2 1165.1 240.1 99.6 227.0
F 1370.375243 902.279071 2.335617
E -0.293469 101.896204 73.118736 0.231409
W C 1302.4 1899.5 361.0 1451.7 450.2 691.1 1140.4 767.2 1656.9 1085.5 1770.7 271.0 1803.5 317.5
W E -0.388 91.6 65.8 -2.911 71.1 145.0 -2.441 62.4 170.2 -0.525 118.5 63.1 -0.254 91.0 79.1 0.129 166.2 88.2 0.132 182.4 147.7
D C -106.3 -380.6 702.3 -697.0 1136.0 194.4 558.8 694.9 69.4 222.0
F 1335.468836 929.764519 2.380463
E -0.339951 100.699903 72.323828 0.235074
W C 1302.4 1899.3 361.1 1452.1 450.3 692.1 1140.6 766.5 1656.1 1086.4 1770.8 270.8 1804.0 316.8
W E -0.387 91.2 65.7 -2.912 70.9 144.7 -2.441 62.2 169.9 -0.520 118.0 62.9 -0.239 90.7 79.0 0.129 166.2 88.2 0.131 182.4 147.4
D C 638.2 -720.6 1103.8 147.3 549.8 679.4 42.0 219.2
F 1331.597071 929.585925 2.396678
E -0.341839 100.068095 71.313648 0.213281
W C 1302.3 1898.9 361.5 1452.2 450.8 692.4 1142.0 764.5 1654.4 1087.8 1771.2 271.0 1804.2 318.0
W E -0.385 90.9 65.6 -2.913 70.7 144.5 -2.441 62.0 169.6 -0.516 117.5 62.6 -0.226 90.5 78.9 0.129 166.1 88.1 0.130 182.4 147.2
D C 583.9 -723.9 1056.0 144.2 505.9 678.8 -5.6 223.2
F 1295.122132 958.790480 2.416037
E -0.393459 99.173287 70.631731 0.227952
W C 1302.1 1898.7 361.7 1452.4 451.0 692.9 1142.6 763.5 1653.5 1088.5 1771.2 270.9 1804.3 318.2
W E -0.384 90.6 65.4 -2.914 70.5 144.2 -2.441 61.9 169.3 -0.512 117.0 62.4 -0.215 90.2 78.8 0.129 166.1 88.1 0.130 182.3 147.0
D C 568.0 -722.2 1029.5 143.8 487.8 675.9 -21.7 225.9
F 1259.354037 986.611431 2.436856
E -0.444491 98.685653 70.346789 0.238015
W C 1301.7 1898.6 361.9 1452.7 451.2 693.3 1142.9 762.9 1653.2 1088.8 1771.2 270.8 1804.3 318.1
W E -0.383 90.2 65.3 -2.915 70.3 144.0 -2.441 61.7 169.0 -0.511 116.9 62.3 -0.207 90.1 78.7 0.129 166.1 88.0 0.130 182.3 146.9
D C 539.2 -725.9 994.3 145.1 452.1 682.3
F 1223.616902 1013.856491 2.450797
E -0.495687 98.365928 70.295475 0.243090
W C 1301.2 1898.6 362.0 1453.2 451.2 693.9 1143.2 762.5 1653.0 1088.9 1771.2 270.7 1804.3 317.9
W E -0.383 89.9 65.2 -2.916 70.1 143.7 -2.441 61.6 168.7 -0.509 116.8 62.2 -0.201 90.0 78.6 0.129 166.1 88.0 0.129 182.3 146.7
D C 502.1 -721.1 959.5 143.1 423.8 679.6
F 1222.282947 1013.199437 2.458993
E -0.501798 97.988183 69.147661 0.221220
W C 1300.9 1898.4 362.3 1453.3 451.5 694.0 1143.1 762.4 1652.7 1089.1 1771.1 270.7 1804.2 318.1
W E -0.382 89.6 65.0 -2.917 69.9 143.5 -2.441 61.5 168.4 -0.508 116.7 62.2 -0.195 89.9 78.6 0.129 166.1 88.0 0.129 182.3 146.6
D C 472.7 -720.6 927.4 144.1 389.9 684.6
F 1186.821413 1040.250783 2.467568
E -0.553009 97.874276 69.051689 0.234043
W C 1300.5 1898.2 362.5 1453.5 451.6 694.3 1143.1 762.3 1652.6 1089.2 1771.0 270.7 1804.1 318.0
W E -0.382 89.3 64.9 -2.918 69.7 143.2 -2.440 61.3 168.2 -0.507 116.6 62.1 -0.190 89.8 78.5 0.129 166.1 87.9 0.129 182.3 146.4
D C 439.7 -722.3 894.6 141.8 365.5 685.0
F 1151.105220 1067.311325 2.475621
E -0.604849 97.915637 69.211193 0.241271
W C 1300.0 1898.2 362.7 1453.8 451.7 694.6 1143.1 762.2 1652.5 1089.2 1770.9 270.6 1804.1 317.8
W E -0.382 89.0 64.8 -2.919 69.5 143.0 -2.440 61.2 167.9 -0.506 116.6 62.0 -0.185 89.7 78.4 0.128 166.0 87.9 0.129 182.3 146.3
D C 408.0 -724.1 862.3 144.8 327.5 688.2
F 1115.487858 1094.533352 2.477058
E -0.657255 98.094439 69.558321 0.244908
W C 1299.6 1898.1 362.9 1454.1 451.8 694.9 1143.1 762.1 1652.5 1089.1 1770.8 270.5 1804.0 317.7
W E -0.383 88.7 64.6 -2.919 69.3 142.8 -2.440 61.0 167.6 -0.505 116.5 61.9 -0.180 89.6 78.4 0.128 166.0 87.9 0.128 182.3 146.2
D C 363.4 -720.5 813.0 149.4 278.9 692.8
F 1080.225402 1121.079985 2.482892
E -0.710657 98.408093 70.040723 0.246724
W C 1298.8 1898.2 363.0 1454.6 451.6 695.5 1143.3 761.9 1652.8 1088.8 1770.6 270.3 1804.0 317.2
W E -0.383 88.4 64.5 -2.920 69.1 142.5 -2.440 60.9 167.3 -0.505 116.5 61.9 -0.176 89.5 78.3 0.128 166.0 87.8 0.128 182.3 146.1
D C 347.9 -722.6 793.1 145.8 265.8 690.5
F 1045.188393 1147.474784 2.484102
E -0.764955 98.861900 70.617468 0.247652
W C 1298.0 1898.4 363.0 1455.3 451.3 696.3 1143.5 761.7 1653.1 1088.5 1770.4 270.1 1804.0 316.5
W E -0.384 88.0 64.4 -2.920 68.9 142.3 -2.439 60.7 167.0 -0.504 116.4 61.8 -0.172 89.5 78.3 0.128 166.0 87.8 0.128 182.3 146.0
D C 313.2 -723.1 758.5 146.6 233.0 692.6
F 1044.752448 1147.301042 2.485272
E -0.761990 98.505812 69.000072 0.224475
W C 1297.6 1898.3 363.3 1455.4 451.4 696.4 1143.4 761.6 1653.0 1088.5 1770.3 270.0 1803.9 316.5
W E -0.385 87.7 64.3 -2.921 68.7 142.1 -2.439 60.6 166.8 -0.503 116.4 61.8 -0.168 89.4 78.2 0.128 166.0 87.8 0.128 182.3 145.9
D C 264.4 -723.1 708.3 143.7 184.1 692.2
F 1009.212566 1174.193957 2.486555
E -2.385809 69.537932 99.124881 0.236876
W C 1296.9 1898.4 363.5 1455.8 451.4 696.8 1143.5 761.5 1653.1 1088.3 1770.2 269.9 1803.8 316.1
W E -0.386 87.4 64.1 -2.921 68.5 141.8 -2.439 60.5 166.5 -0.502 116.3 61.7 -0.165 89.4 78.2 0.128 166.0 87.8 0.128 182.3 145.8
D C 249.0 -721.9 691.2 144.6 166.4 693.4
F 973.894525 1200.921583 2.487472
E -2.439330 70.214395 99.870660 0.243052
W C 1296.3 1898.4 363.7 1456.2 451.3 697.1 1143.6 761.4 1653.3 1088.2 1770.1 269.8 1803.8 315.8
W E -0.387 87.1 64.0 -2.921 68.3 141.6 -2.438 60.3 166.3 -0.502 116.3 61.6 -0.161 89.3 78.2 0.128 166.0 87.7 0.128 182.2 145.7
D C 200.8 -723.4 644.3 145.2 118.3 697.5
F 937.687560 1226.893020 2.497062
E -2.492929 71.639939 100.924575 0.256195
W C 1296.1 1898.4 363.6 1456.6 451.2 697.5 1143.7 761.3 1653.4 1088.0 1770.0 269.7 1803.8 315.6
W E -0.388 87.0 64.0 -2.922 68.1 141.4 -2.438 60.2 166.1 -0.502 116.3 61.6 -0.160 89.3 78.2 0.128 166.0 87.7 0.127 182.2 145.6
D C 625.4 147.0 103.3 700.2
F 938.003262 1226.798256 2.495374
E -2.485882 69.906570 100.525566 0.230665
W C 1295.5 1898.5 363.8 1456.9 451.1 697.8 1143.7 761.2 1653.5 1087.9 1769.9 269.6 1803.7 315.4
W E -0.390 86.7 63.9 -2.922 68.0 141.2 -2.438 60.1 165.8 -0.501 116.2 61.6 -0.157 89.2 78.1 0.128 166.0 87.7 0.127 182.2 145.5
D C 153.4 -722.0 592.6 145.0 75.1 701.7
F 901.533448 1253.367515 2.505031
E -2.537740 71.284657 101.748794 0.249391
W C 1295.5 1898.5 363.9 1456.9 451.2 697.7 1143.7 761.2 1653.5 1087.9 1769.9 269.6 1803.7 315.4
W E -0.391 86.6 63.9 -2.923 67.8 141.1 -2.438 60.0 165.7 -0.501 116.2 61.6 -0.156 89.2 78.1 0.128 166.0 87.7 0.127 182.2 145.5
D C 548.2 148.5 25.4 704.5
F 866.381058 1277.245153 2.615263
E -2.583198 72.294160 103.656497 0.271466
W C 1294.3 1898.9 364.2 1457.3 451.2 698.2 1143.9 760.7 1653.8 1087.4 1769.7 269.2 1803.7 314.4
W E -0.392 86.3 63.8 -2.923 67.6 140.8 -2.438 59.9 165.4 -0.500 116.2 61.5 -0.153 89.2 78.1 0.128 165.9 87.7 0.127 182.2 145.4
D C 94.8 -727.4 530.3 145.4 6.0 704.9
F 833.410463 1294.132216 2.772343
E -2.601668 73.581503 106.345182 0.303909
W C 1293.1 1899.4 364.6 1457.6 451.2 698.7 1144.2 760.2 1654.1 1086.9 1769.5 268.8 1803.6 313.5
W E -0.394 86.0 63.7 -2.923 67.4 140.6 -2.437 59.8 165.2 -0.500 116.1 61.5 -0.150 89.1 78.0 0.128 165.9 87.6 0.127 182.2 145.4
D C -17.4 -730.3 501.2 85.8 46.7 697.9
F 807.466873 1306.208431 2.866736
E -2.617131 74.200752 108.299086 0.300120
W C 1291.9 1899.9 364.9 1457.9 451.1 699.1 1144.5 759.6 1654.4 1086.4 1769.4 268.3 1803.7 312.5
W E -0.396 85.7 63.6 -2.923 67.2 140.4 -2.437 59.7 165.0 -0.499 116.1 61.4 -0.147 89.1 78.0 0.128 165.9 87.6 0.127 182.2 145.3
D C -69.5 -734.5 488.2 51.5 80.8 694.3
F 808.648956 1306.133737 2.854353
E -2.610849 72.736297 107.730387 0.259533
W C 1290.9 1900.2 365.2 1458.3 451.2 699.3 1144.7 759.3 1654.7 1086.1 1769.5 268.1 1803.8 311.9
W E -0.398 85.5 63.5 -2.923 67.1 140.2 -2.437 59.5 164.8 -0.499 116.1 61.4 -0.145 89.0 78.0 0.128 165.9 87.6 0.127 182.2 145.2
D C -201.2 -720.6 470.1 -31.4 163.9 665.1
F 776.607741 1307.321508 3.047155
E -2.622825 73.623020 109.780466 0.286680
W C 1290.0 1900.5 365.5 1458.6 451.2 699.4 1145.0 758.9 1655.0 1085.8 1769.5 267.9 1803.9 311.4
W E -0.400 85.2 63.4 -2.923 66.9 140.0 -2.436 59.4 164.6 -0.498 116.0 61.4 -0.143 89.0 78.0 0.128 165.9 87.6 0.127 182.2 145.2
D C -325.3 -689.0 438.1 -100.9 236.4 637.5
F 744.691043 1302.779949 -3.038398
E -2.634283 74.825312 112.002649 0.308449
W C 1290.5 1900.3 365.1 1458.6 451.3 699.5 1144.9 759.0 1654.9 1085.8 1769.4 267.9 1803.8 311.5
W E -0.401 85.1 63.3 -2.924 66.8 139.9 -2.436 59.3 164.4 -0.498 116.0 61.3 -0.142 89.0 78.0 0.128 165.9 87.6 0.127 182.2 145.2
D C 394.8 -176.1 312.9 586.5
F 714.089186 1290.534663 -2.824072
E -2.645500 75.891714 114.394907 0.319368
W C 1290.7 1900.2 364.9 1458.7 451.4 699.6 1144.8 759.1 1654.9 1085.8 1769.4 267.9 1803.8 311.4
W E -0.402 85.0 63.3 -2.924 66.6 139.8 -2.436 59.2 164.3 -0.498 116.0 61.3 -0.141 88.9 77.9 0.128 165.9 87.6 0.127 182.2 145.1
D C 305.4 -271.4 408.1 491.9
F 713.901939 1289.248245 -2.813533
E -2.641059 74.788178 113.988654 0.282561
W C 1290.5 1900.3 364.8 1458.8 451.6 699.5 1144.9 759.0 1654.9 1085.8 1769.4 267.9 1803.8 311.3
W E -0.403 84.9 63.3 -2.925 66.5 139.7 -2.436 59.2 164.2 -0.498 116.0 61.3 -0.141 88.9 77.9 0.128 165.9 87.6 0.127 182.2 145.1
D C 272.6 -298.5 432.8 455.2
F 686.551241 1269.269957 -2.591401
E -2.653230 75.679514 116.347463 0.296462
W C 1290.6 1900.2 364.6 1459.0 451.6 699.5 1144.9 759.2 1654.9 1085.7 1769.3 267.8 1803.7 311.1
W E -0.404 84.9 63.3 -2.925 66.4 139.5 -2.436 59.1 164.0 -0.498 115.9 61.2 -0.140 88.9 77.9 0.128 165.9 87.6 0.127 182.2 145.1
D C 197.6 -343.3 477.5 375.6 -139.4 637.0
F 664.551170 1246.901204 -2.405446
E -2.661629 75.846906 118.791594 0.297672
W C 1290.9 1900.0 364.2 1459.1 451.7 699.6 1144.8 759.4 1655.0 1085.6 1769.2 267.8 1803.6 311.0
W E -0.406 84.8 63.3 -2.925 66.3 139.4 -2.436 59.0 163.8 -0.498 115.9 61.2 -0.139 88.9 77.9 0.128 165.9 87.6 0.127 182.2 145.1
D C 121.6 -374.7 509.4 295.3 -59.8 642.2
F 646.944181 1222.399001 -2.237627
E -2.664125 75.628594 121.287752 0.297715
W C 1291.3 1899.9 363.7 1459.3 451.7 699.7 1144.7 759.7 1655.2 1085.4 1769.1 267.8 1803.7 310.8
W E -0.407 84.7 63.3 -2.926 66.2 139.3 -2.436 58.9 163.7 -0.498 115.8 61.1 -0.139 88.9 77.9 0.128 165.9 87.6 0.126 182.2 145.1
D C 44.4 -397.5 526.6 212.9 9.4 643.2
F 635.530000 1193.973498 -2.049174
E -2.660562 75.124539 123.677333 0.295766
W C 1291.7 1899.8 363.2 1459.3 451.7 699.7 1144.7 759.9 1655.4 1085.3 1769.1 267.9 1803.7 310.7
W E -0.408 84.7 63.3 -2.926 66.0 139.2 -2.436 58.8 163.5 -0.498 115.8 61.0 -0.138 88.9 77.9 0.128 165.9 87.6 0.126 182.2 145.0
D C -79.6 -408.3 527.6 77.0 122.2 616.6
F 637.186472 1193.399523 -2.037193
E -2.663891 73.526424 123.066758 0.249119
W C 1291.9 1899.8 362.7 1459.3 451.8 699.8 1144.6 760.2 1655.5 1084.8 1769.1 267.9 1803.8 310.7
W E -0.408 84.6 63.3 -2.927 65.9 139.1 -2.436 58.7 163.4 -0.498 115.7 60.9 -0.139 88.7 77.8 0.128 165.8 87.6 0.126 182.1 145.0
D C -117.1 -404.9 518.4 38.6 154.2 601.9 -301.8 992.1
F 633.242003 1160.135976 -1.801485
E -2.661649 73.560376 125.476038 0.279653
W C 1291.9 1899.8 362.7 1459.1 451.8 699.8 1144.5 760.5 1655.6 1084.5 1769.1 268.0 1803.7 310.7
W E -0.408 84.6 63.3 -2.927 65.9 139.1 -2.437 58.5 163.2 -0.498 115.7 60.8 -0.141 88.5 77.6 0.128 165.8 87.6 0.125 182.1 145.0
D C 484.2 -80.6 250.5 552.4 -114.8 1028.0
F 632.811130 1127.643449 -1.615786
E -2.649995 73.069474 127.616828 0.290901
W C 1291.8 1899.8 362.8 1459.2 452.0 699.3 1144.3 760.7 1655.7 1084.5 1769.1 267.9 1803.7 310.6
W E -0.408 84.6 63.2 -2.927 65.8 139.1 -2.437 58.4 163.1 -0.498 115.6 60.7 -0.144 88.4 77.5 0.128 165.8 87.5 0.125 182.1 145.0
D C 463.7 -129.5 284.9 522.4 -45.0 1028.0
F 634.904210 1084.527845 -1.549600
E -2.617792 72.145877 129.644928 0.272918
W C 1291.9 1899.9 362.8 1459.3 452.3 698.9 1144.2 760.8 1655.6 1084.4 1769.2 268.0 1803.7 310.8
W E -0.408 84.6 63.2 -2.927 65.8 139.0 -2.437 58.3 162.9 -0.498 115.5 60.6 -0.146 88.2 77.4 0.128 165.8 87.5 0.124 182.1 144.9
D C 417.6 -200.3 332.5 472.9 77.4 1016.9
F 640.235263 1083.407878 -1.505033
E -2.622983 71.394666 129.111152 0.243451
W C 1292.0 1899.9 362.7 1459.0 452.2 699.0 1144.1 761.1 1655.7 1084.2 1769.2 268.0 1803.7 310.8
W E -0.408 84.6 63.2 -2.927 65.8 139.0 -2.438 58.2 162.8 -0.498 115.5 60.5 -0.149 88.1 77.3 0.128 165.7 87.5 0.124 182.0 144.9
D C 340.7 -282.7 370.5 402.0 195.8 988.2
F 648.004814 1039.015659 -1.464864
E -2.588514 70.524798 130.944231 0.247990
W C 1292.1 1899.9 362.6 1459.1 452.2 698.9 1144.0 761.2 1655.8 1084.0 1769.2 268.1 1803.7 310.9
W E -0.408 84.6 63.2 -2.927 65.8 139.0 -2.438 58.1 162.6 -0.498 115.4 60.4 -0.152 87.9 77.2 0.127 165.7 87.5 0.124 182.0 144.9
D C 319.3 -281.9 353.5 402.9 185.7 984.8
F 660.643135 994.299113 -1.405208
E -2.555072 69.861889 132.509773 0.240944
W C 1292.1 1899.9 362.4 1458.8 452.7 698.6 1144.1 761.5 1656.0 1084.0 1767.8 267.4 1803.6 310.8
W E -0.408 84.6 63.2 -2.927 65.8 138.9 -2.438 58.0 162.4 -0.498 115.4 60.2 -0.154 87.8 77.0 0.129 165.3 87.3 0.123 182.0 144.9
D C 240.6 -305.9 991.3 835.3 327.0 374.9 198.7 971.5
F 673.573701 951.188890 -1.362241
E -2.520097 69.390680 133.923954 0.237732
W C 1292.0 1900.0 362.3 1458.9 453.2 698.1 1144.0 761.6 1656.0 1084.1 1767.2 267.0 1803.5 311.0
W E -0.408 84.5 63.2 -2.927 65.8 138.9 -2.439 58.0 162.2 -0.498 115.3 60.1 -0.157 87.7 76.9 0.130 164.9 87.0 0.122 182.0 144.8
D C 214.0 -309.4 977.9 824.1 314.1 371.6 186.3 971.4
F 686.188538 910.103949 -1.333387
E -2.484486 69.066419 135.210897 0.235715
W C 1291.9 1900.2 362.2 1459.3 453.7 697.5 1143.8 761.6 1655.9 1084.1 1767.0 266.7 1803.4 311.3
W E -0.408 84.5 63.2 -2.926 65.8 138.8 -2.439 57.9 161.9 -0.498 115.2 59.9 -0.159 87.5 76.8 0.132 164.5 86.8 0.122 181.9 144.8
D C 178.8 -306.2 951.2 821.8 285.9 373.9 158.4 970.3
F 688.554949 909.277462 -1.320156
E -2.486358 68.033095 134.449003 0.212446
W C 1292.0 1900.1 362.2 1459.0 453.7 697.5 1143.9 761.8 1656.1 1084.0 1766.5 266.7 1803.4 311.1
W E -0.408 84.5 63.2 -2.926 65.7 138.8 -2.439 57.8 161.8 -0.498 115.2 59.8 -0.162 87.4 76.6 0.133 164.2 86.5 0.121 181.9 144.7
D C 128.9 -302.7 907.0 823.3 235.7 375.3 107.0 971.2
F 701.187664 866.794777 -1.308305
E -2.449431 67.721025 135.824493 0.225398
W C 1292.0 1900.2 362.2 1459.2 454.0 697.0 1143.7 762.0 1656.1 1083.9 1766.2 266.6 1803.3 311.2
W E -0.408 84.5 63.2 -2.926 65.7 138.7 -2.439 57.7 161.6 -0.498 115.1 59.6 -0.164 87.2 76.5 0.134 163.8 86.3 0.121 181.9 144.7
D C 113.7 -302.3 890.0 822.9 222.3 376.8 94.9 971.5
F 714.155072 824.268598 -1.299600
E -2.411380 67.592782 137.312919 0.232100
W C 1292.0 1900.2 362.2 1459.3 454.2 696.5 1143.6 762.1 1656.1 1083.9 1765.8 266.6 1803.2 311.3
W E -0.407 84.5 63.2 -2.926 65.7 138.7 -2.438 57.6 161.4 -0.497 115.1 59.5 -0.166 87.1 76.3 0.135 163.5 86.1 0.121 181.9 144.6
D C 66.0 -310.7 840.0 820.9 174.6 375.8 44.1 974.0
F 727.058050 783.113544 -1.293555
E -2.372903 67.583416 138.958782 0.235766
W C 1292.1 1900.3 362.2 1459.7 454.3 695.8 1143.5 762.4 1656.1 1083.9 1765.5 266.6 1803.2 311.6
W E -0.407 84.5 63.2 -2.926 65.7 138.6 -2.438 57.5 161.2 -0.497 115.0 59.3 -0.168 87.0 76.2 0.136 163.1 85.8 0.120 181.9 144.6
D C 33.1 -313.4 805.3 821.5 142.7 377.7 11.2 970.1
F 740.075486 743.909973 -1.288338
E -0.763417 140.848277 67.686386 0.238895
W C 1292.2 1900.5 362.3 1460.7 454.0 694.7 1143.4 762.6 1656.1 1084.0 1765.3 266.7 1803.0 312.2
W E -0.407 84.5 63.2 -2.925 65.7 138.5 -2.438 57.3 161.0 -0.496 114.9 59.1 -0.171 86.9 76.0 0.137 162.8 85.6 0.120 181.8 144.6
D C 19.5 -314.1 787.0 817.8 126.4 379.8 -3.7 969.8
F 740.797292 743.697739 -1.288129
E -0.763231 140.211757 66.306670 0.216363
W C 1292.3 1900.5 362.3 1460.6 454.2 694.3 1143.4 762.9 1656.2 1083.9 1764.9 266.7 1802.9 312.2
W E -0.407 84.5 63.2 -2.925 65.7 138.5 -2.438 57.2 160.9 -0.496 114.9 59.0 -0.173 86.7 75.9 0.138 162.5 85.4 0.120 181.8 144.5
D C -32.5 -322.0 739.6 817.2 75.5 375.2 -57.4 971.4
F 756.919061 702.955204 -1.216744
E -0.726815 142.268860 66.556095 0.238271
W C 1292.5 1900.6 362.5 1460.9 454.1 693.0 1143.4 763.4 1656.4 1084.1 1764.8 266.6 1801.7 312.8
W E -0.408 84.4 63.2 -2.925 65.7 138.4 -2.437 57.0 160.7 -0.495 114.8 58.8 -0.176 86.6 75.8 0.138 162.5 85.4 0.139 180.4 142.8
D C -47.5 -322.1 722.7 813.6 62.7 376.4 -69.6 973.6
F 775.824992 663.743579 -1.143596
E -0.688056 144.332676 67.367610 0.258730
W C 1292.6 1900.7 362.6 1461.1 454.0 691.8 1143.3 764.1 1656.6 1084.1 1764.8 266.7 1800.5 313.4
W E -0.408 84.4 63.2 -2.925 65.6 138.4 -2.437 56.9 160.6 -0.494 114.7 58.7 -0.176 86.6 75.7 0.138 162.5 85.4 0.156 179.2 141.3
D C -112.3 -327.2 725.8 768.1 37.2 368.9
F 798.611850 624.357789 -1.054256
E -0.648557 146.589482 68.770767 0.279029
W C 1292.6 1900.7 362.6 1460.9 454.2 691.6 1143.2 764.2 1656.7 1084.1 1764.9 266.6 1799.8 314.0
W E -0.408 84.4 63.2 -2.925 65.6 138.3 -2.437 56.9 160.5 -0.494 114.6 58.7 -0.176 86.6 75.7 0.137 162.4 85.4 0.172 178.2 139.9
D C 737.4 716.2 29.7 360.8
F 798.612948 623.488379 -1.060495
E -0.652168 146.184911 67.805169 0.258140
W C 1292.7 1900.6 362.7 1460.7 454.5 691.3 1143.0 764.4 1656.9 1084.0 1764.5 266.8 1799.8 313.6
W E -0.407 84.4 63.2 -2.925 65.6 138.3 -2.437 56.9 160.4 -0.493 114.6 58.6 -0.176 86.6 75.7 0.138 162.2 85.2 0.171 178.1 139.8
D C 749.0 659.2 21.4 352.5
F 825.314911 586.477636 -0.968095
E -0.611617 148.274214 69.177619 0.279707
W C 1292.7 1900.6 362.7 1460.4 454.8 690.8 1142.8 764.7 1657.0 1084.0 1764.7 266.8 1798.5 313.7
W E -0.407 84.4 63.2 -2.925 65.6 138.3 -2.437 56.9 160.2 -0.493 114.5 58.5 -0.176 86.6 75.7 0.138 162.2 85.1 0.185 177.2 138.5
D C 758.7 612.0 13.7 349.5
F 854.457493 551.715516 -0.880532
E -0.568314 150.162725 70.934650 0.293513
W C 1292.7 1900.6 362.7 1460.3 455.0 690.6 1142.7 764.7 1657.0 1084.0 1764.8 266.7 1798.1 314.2
W E -0.407 84.4 63.2 -2.924 65.6 138.3 -2.437 56.9 160.1 -0.493 114.4 58.5 -0.176 86.6 75.7 0.138 162.1 85.1 0.198 176.3 137.3
D C 758.2 585.2 7.2 348.2
F 886.326428 520.197093 -0.789793
E -0.523902 151.780980 72.992929 0.302158
W C 1292.7 1900.6 362.7 1460.2 455.2 690.5 1142.6 764.8 1657.1 1084.0 1764.9 266.7 1797.8 314.5
W E -0.407 84.4 63.2 -2.924 65.6 138.2 -2.437 56.8 160.0 -0.492 114.3 58.5 -0.176 86.6 75.7 0.138 162.1 85.1 0.210 175.5 136.1
D C 770.6 508.9 -4.5 342.3
F 887.072697 519.926926 -0.790292
E -0.529426 151.258194 71.935761 0.279066
W C 1292.8 1900.5 362.7 1460.1 455.4 690.2 1142.5 764.9 1657.2 1084.0 1765.0 266.7 1796.9 314.5
W E -0.407 84.4 63.2 -2.924 65.6 138.2 -2.437 56.8 159.9 -0.492 114.3 58.4 -0.176 86.6 75.7 0.138 162.1 85.1 0.222 174.8 135.0
D C 766.6 476.4 -6.5 341.0
F 922.666614 491.454639 -0.690414
E -0.488612 152.433883 73.311382 0.283721
W C 1292.8 1900.5 362.8 1459.9 455.7 689.8 1142.3 765.0 1657.2 1084.2 1765.1 266.7 1795.9 314.2
W E -0.407 84.4 63.2 -2.924 65.6 138.2 -2.437 56.8 159.8 -0.492 114.2 58.3 -0.179 86.5 75.5 0.138 162.1 85.1 0.230 174.1 133.8
D C 760.5 392.3 151.5 927.9 -23.1 337.4
F 960.278910 467.366082 -0.543457
E -0.448315 153.345334 74.801871 0.301092
W C 1292.9 1900.4 362.9 1459.8 456.1 689.5 1142.2 764.8 1657.0 1084.6 1765.3 266.7 1795.3 314.0
W E -0.407 84.4 63.2 -2.924 65.6 138.2 -2.437 56.8 159.8 -0.492 114.0 58.3 -0.182 86.4 75.4 0.138 162.0 85.1 0.237 173.5 132.6
D C 755.6 338.4 180.4 910.6 -30.4 337.6
F 998.178242 447.479867 -0.418507
E -0.408292 153.590450 76.310154 0.307287
W C 1292.9 1900.4 362.9 1459.8 456.2 689.6 1142.2 764.4 1656.7 1084.9 1765.5 266.7 1795.2 314.2
W E -0.407 84.4 63.2 -2.924 65.6 138.2 -2.437 56.8 159.7 -0.491 113.9 58.2 -0.186 86.3 75.3 0.138 162.0 85.1 0.244 172.8 131.4
D C 757.7 290.3 220.0 892.9 -24.9 334.6
F 1036.135968 433.672518 -0.309175
E -0.372204 153.223198 77.629912 0.300796
W C 1293.0 1900.4 363.0 1459.9 456.2 689.7 1142.2 764.2 1656.5 1085.1 1765.5 266.7 1795.2 314.2
W E -0.407 84.4 63.2 -2.924 65.6 138.2 -2.437 56.8 159.6 -0.492 113.8 58.2 -0.190 86.2 75.2 0.137 162.0 85.1 0.249 172.2 130.3
D C 753.6 172.2 303.5 850.2 -19.5 330.7
F 1037.106371 433.332530 -0.314786
E -0.381374 152.556546 76.068922 0.268076
W C 1293.1 1900.4 363.0 1459.9 456.4 689.4 1142.0 764.2 1656.5 1085.2 1765.6 266.7 1794.8 313.6
W E -0.407 84.4 63.2 -2.924 65.6 138.2 -2.437 56.8 159.6 -0.492 113.7 58.1 -0.193 86.1 75.1 0.137 162.0 85.1 0.254 171.7 129.1
D C 738.4 98.5 347.6 819.4 -20.3 325.7
F 1077.863669 426.224033 -0.192772
E -0.345662 151.899296 77.242064 0.279789
W C 1293.1 1900.4 363.1 1459.9 456.6 689.3 1141.9 764.2 1656.3 1085.4 1765.7 266.7 1794.8 313.2
W E -0.407 84.4 63.1 -2.924 65.6 138.2 -2.437 56.8 159.5 -0.492 113.6 58.1 -0.197 86.0 75.0 0.137 161.9 85.1 0.258 171.1 128.0
D C 717.3 27.0 393.3 776.9 -18.0 321.5
F 1118.087259 423.502417 -0.075128
E -0.311844 150.805134 78.471347 0.284831
W C 1293.2 1900.4 363.1 1459.9 456.7 689.3 1141.8 764.1 1656.2 1085.5 1765.8 266.8 1794.9 312.8
W E -0.407 84.4 63.1 -2.924 65.6 138.2 -2.437 56.8 159.5 -0.492 113.5 58.0 -0.200 86.0 74.9 0.137 161.9 85.1 0.262 170.6 126.9
D C 686.3 -48.0 429.1 732.3 -16.8 318.1
F 1157.676196 423.324205 0.032233
E -0.278509 149.317190 79.821830 0.289276
W C 1293.2 1900.4 363.1 1460.0 456.6 689.5 1142.0 763.8 1655.9 1085.6 1765.8 266.8 1795.5 312.7
W E -0.407 84.4 63.1 -2.924 65.6 138.2 -2.437 56.8 159.5 -0.493 113.4 57.9 -0.203 85.9 74.8 0.137 161.9 85.0 0.264 170.1 125.7
D C 674.1 -78.4 446.2 710.7 -17.8 317.5
F 1199.787267 427.946065 0.093040
E -0.246162 147.474564 81.250313 0.279691
W C 1293.2 1900.3 363.1 1460.0 456.5 689.6 1142.1 763.7 1655.8 1085.7 1765.8 266.7 1796.1 312.1
W E -0.407 84.4 63.1 -2.924 65.6 138.2 -2.437 56.8 159.4 -0.494 113.3 57.9 -0.207 85.8 74.7 0.137 161.9 85.0 0.266 169.6 124.6
D C 609.6 -186.5 504.6 627.4 -14.5 310.6
F 1200.266289 430.639974 0.106064
E -0.261881 146.580382 77.772433 0.241552
W C 1293.3 1900.1 363.1 1460.3 456.4 689.9 1141.9 764.0 1655.6 1086.1 1766.1 266.5 1796.4 314.1
W E -0.404 84.2 63.0 -2.924 65.6 138.1 -2.437 56.8 159.3 -0.493 113.2 57.7 -0.203 85.7 74.4 0.136 161.5 84.4 0.253 169.2 123.4
D C 563.9 -251.5 530.6 579.1 277.6 1401.2 -14.4 307.3
F 1244.527263 438.364733 0.126088
E -0.234506 144.481717 77.992304 0.249011
W C 1293.1 1900.2 363.1 1460.2 456.4 689.9 1142.0 764.2 1655.6 1086.2 1766.6 265.9 1796.5 315.6
W E -0.404 84.2 63.0 -2.924 65.6 138.1 -2.437 56.7 159.2 -0.494 113.1 57.7 -0.203 85.6 74.1 0.136 161.2 83.9 0.245 168.8 122.8
D C 514.5 -280.6 518.6 548.9 -35.7 302.6
F 1288.024162 448.259535 0.156683
E -0.207693 142.551645 78.239492 0.252691
W C 1292.9 1900.3 363.0 1460.2 456.4 690.0 1142.1 764.3 1655.6 1086.4 1767.0 265.2 1796.5 316.9
W E -0.404 84.2 63.0 -2.924 65.6 138.1 -2.437 56.7 159.2 -0.495 113.1 57.6 -0.202 85.5 73.9 0.136 160.9 83.5 0.238 168.6 122.4
D C 462.0 -312.3 514.2 521.3 -55.7 302.8
F 1330.937529 460.140514 0.186435
E -0.177539 140.975757 78.160204 0.249484
W C 1293.4 1900.0 362.9 1460.5 456.1 690.3 1141.3 764.5 1655.7 1086.7 1767.9 265.5 1796.3 318.2
W E -0.401 84.0 62.9 -2.924 65.6 138.0 -2.437 56.7 159.1 -0.494 113.0 57.5 -0.198 85.4 73.7 0.136 160.6 83.0 0.234 168.4 122.0
D C 438.5 -324.7 505.4 512.4 343.0 1356.1
F 1331.600876 462.858936 0.200109
E -0.184047 140.546071 76.416800 0.231779
W C 1293.2 1900.1 362.9 1460.5 456.2 690.2 1141.2 764.7 1655.7 1086.9 1768.2 265.0 1796.7 319.2
W E -0.401 84.0 62.9 -2.924 65.6 138.0 -2.437 56.7 159.0 -0.495 113.0 57.4 -0.197 85.3 73.5 0.136 160.4 82.6 0.231 168.2 121.8
D C 383.7 -330.5 458.1 506.2
F 1375.062860 474.704111 0.217908
E -0.151750 138.985338 76.563544 0.240503
W C 1293.4 1899.9 362.8 1460.8 456.0 690.5 1140.8 764.9 1655.7 1087.1 1768.7 265.2 1796.5 319.8
W E -0.398 83.8 62.9 -2.924 65.6 137.9 -2.437 56.7 158.9 -0.495 112.9 57.4 -0.193 85.2 73.3 0.135 160.1 82.1 0.228 168.1 121.6
D C 366.5 -329.6 439.9 510.8 282.2 1358.8
F 1417.581705 486.597619 0.229899
E -0.120765 137.494168 76.769116 0.244028
W C 1293.6 1899.6 362.8 1461.1 455.7 690.8 1140.4 765.1 1655.6 1087.3 1769.1 265.4 1796.3 320.2
W E -0.396 83.7 62.8 -2.923 65.6 137.8 -2.437 56.7 158.8 -0.495 112.8 57.3 -0.189 85.1 73.1 0.135 159.8 81.7 0.226 168.0 121.4
D C 314.1 -329.4 389.6 509.6 234.2 1355.6
F 1460.294191 497.764926 0.236085
E -0.092207 136.111169 77.632772 0.255920
W C 1293.6 1899.7 362.7 1461.2 455.5 691.0 1140.2 765.1 1655.7 1087.2 1769.8 265.4 1795.9 320.2
W E -0.396 83.7 62.8 -2.923 65.6 137.8 -2.437 56.7 158.7 -0.495 112.8 57.3 -0.188 85.0 72.9 0.135 159.5 81.3 0.224 167.8 121.3
D C 281.4 -334.0 358.1 509.2
F 1501.212798 509.004448 0.243001
E -0.060979 134.708072 78.248697 0.252959
W C 1293.9 1899.4 362.6 1461.7 454.9 691.7 1139.5 765.2 1655.8 1087.1 1771.0 266.2 1794.9 319.7
W E -0.393 83.5 62.7 -2.923 65.6 137.7 -2.437 56.7 158.6 -0.495 112.7 57.2 -0.185 84.9 72.7 0.134 159.2 80.9 0.222 167.7 121.2
D C 264.3 -331.8 342.2 513.0 188.3 1362.5
F 1501.211337 509.841326 0.246683
E -0.064928 134.098426 76.936277 0.235641
W C 1293.8 1899.5 362.6 1461.7 454.9 691.7 1139.5 765.2 1655.7 1087.2 1771.3 265.9 1795.0 320.0
W E -0.393 83.5 62.7 -2.923 65.6 137.7 -2.437 56.7 158.6 -0.495 112.7 57.2 -0.183 84.8 72.5 0.134 159.0 80.7 0.221 167.6 121.1
D C 211.3 -333.1 291.9 512.5
F 1544.755237 521.423076 0.249000
E -0.034819 132.863722 78.273922 0.252584
W C 1293.8 1899.5 362.6 1461.6 455.0 691.6 1139.6 765.2 1655.6 1087.2 1771.5 265.7 1795.2 320.2
W E -0.393 83.5 62.7 -2.923 65.6 137.7 -2.437 56.7 158.5 -0.496 112.7 57.1 -0.182 84.7 72.4 0.134 158.7 80.4 0.219 167.4 121.0
D C 162.4 -332.1 238.8 514.0
F 1586.471978 534.082317 0.310019
E -0.004132 131.643073 80.167910 0.270077
W C 1293.8 1899.6 362.6 1461.8 454.8 692.0 1139.3 765.3 1655.4 1087.2 1772.8 265.7 1794.8 320.2
W E -0.393 83.5 62.7 -2.923 65.6 137.7 -2.437 56.7 158.5 -0.496 112.6 57.1 -0.182 84.7 72.2 0.134 158.5 80.2 0.218 167.3 121.0
D C 143.5 -331.4 221.4 517.6
F 1627.731112 549.465833 0.379668
E 0.030857 130.299654 81.375250 0.266573
W C 1293.6 1899.5 362.6 1462.1 454.7 692.3 1139.3 765.6 1655.4 1087.4 1771.9 265.1 1798.0 320.5
W E -0.389 83.3 62.6 -2.923 65.6 137.6 -2.437 56.7 158.4 -0.496 112.6 57.1 -0.181 84.6 72.1 0.132 158.2 79.9 0.192 164.8 119.0
D C 109.7 -338.3 205.5 510.3 87.2 1366.9
F 1627.463594 549.294611 0.372190
E 0.032875 129.488317 79.873604 0.239465
W C 1293.7 1899.3 362.5 1462.4 454.5 692.6 1139.1 765.8 1655.2 1087.5 1772.8 265.2 1797.5 320.6
W E -0.387 83.1 62.5 -2.923 65.6 137.6 -2.437 56.7 158.3 -0.496 112.5 57.0 -0.179 84.4 71.9 0.132 157.8 79.7 0.190 164.6 118.8
D C 51.7 -354.2 204.8 495.6 152.2 1344.3
F 1666.199739 568.890150 0.451866
E 0.073233 128.016999 81.504867 0.256264
W C 1293.8 1899.1 362.5 1462.7 454.3 693.0 1138.7 766.0 1654.8 1087.7 1774.4 265.2 1796.8 320.7
W E -0.384 82.9 62.5 -2.923 65.6 137.5 -2.436 56.7 158.2 -0.496 112.5 57.0 -0.177 84.3 71.8 0.132 157.5 79.4 0.189 164.5 118.7
D C -2.0 -366.8 201.7 479.7 201.0 1334.0
F 1704.094000 592.577944 0.535405
E 0.116152 126.428695 83.449474 0.266543
W C 1293.9 1898.9 362.4 1462.9 454.1 693.3 1138.5 766.3 1654.5 1087.9 1775.7 265.1 1796.5 321.0
W E -0.381 82.8 62.4 -2.923 65.6 137.5 -2.436 56.7 158.1 -0.496 112.4 57.0 -0.176 84.1 71.7 0.133 157.1 79.2 0.188 164.4 118.6
D C -89.3 -367.3 193.6 452.6 287.5 1303.5
F 1738.560829 617.192775 0.605846
E 0.154377 124.806624 86.408754 0.285424
W C 1293.9 1899.1 362.4 1463.0 453.9 693.5 1138.2 766.4 1654.1 1088.1 1778.1 264.8 1796.0 321.1
W E -0.381 82.7 62.4 -2.923 65.6 137.5 -2.436 56.7 158.1 -0.496 112.4 57.0 -0.176 84.1 71.5 0.134 156.8 79.0 0.187 164.3 118.6
D C -114.9 -367.4 192.3 445.6
F 1738.804606 617.105976 0.604230
E 0.162018 124.453688 85.810448 0.272997
W C 1293.9 1899.1 362.4 1463.0 453.9 693.5 1138.2 766.4 1654.1 1088.0 1778.1 264.8 1796.0 321.2
W E -0.381 82.7 62.4 -2.923 65.6 137.5 -2.436 56.7 158.1 -0.496 112.4 57.0 -0.177 84.1 71.4 0.133 156.8 78.9 0.187 164.3 118.5
D C 188.6 433.5
F 1772.489834 647.551888 0.750370
E 0.216428 123.050415 88.896983 0.301654
W C 1294.1 1899.1 362.2 1462.9 454.0 693.4 1138.4 766.4 1654.0 1087.9 1778.0 264.9 1796.2 321.4
W E -0.381 82.7 62.4 -2.924 65.5 137.4 -2.436 56.7 158.1 -0.496 112.4 56.9 -0.179 84.0 71.3 0.133 156.7 78.9 0.186 164.3 118.5
D C 180.2 421.1 -535.6 1553.0
F 1801.205048 681.543371 0.903036
E 0.271377 121.249229 92.002455 0.321108
W C 1294.2 1899.1 362.2 1462.7 454.1 693.3 1138.4 766.5 1653.9 1087.8 1777.8 265.0 1796.3 321.6
W E -0.381 82.7 62.4 -2.925 65.4 137.3 -2.436 56.7 158.1 -0.496 112.4 56.9 -0.182 83.9 71.2 0.132 156.6 78.8 0.186 164.2 118.5
D C 191.5 396.3 -394.3 1589.8
F 1825.401723 715.132962 1.015977
E 0.318368 119.027982 94.682834 0.323773
W C 1294.4 1899.1 362.2 1462.5 454.2 693.2 1138.5 766.6 1653.8 1087.7 1777.5 265.0 1796.3 321.8
W E -0.381 82.7 62.4 -2.926 65.3 137.2 -2.436 56.7 158.1 -0.496 112.4 56.9 -0.184 83.8 71.1 0.132 156.6 78.8 0.185 164.2 118.4
D C 195.4 385.9 -341.6 1607.4
F 1845.542166 751.130697 1.100748
E 0.357390 116.530515 97.085657 0.316182
W C 1294.4 1899.1 362.2 1462.4 454.2 693.2 1138.5 766.6 1653.8 1087.6 1777.4 265.1 1796.3 321.8
W E -0.381 82.7 62.4 -2.927 65.2 137.2 -2.437 56.6 158.1 -0.496 112.4 56.9 -0.188 83.7 70.9 0.131 156.5 78.7 0.184 164.2 118.4
D C 197.8 352.4 -152.7 1641.1
F 1845.902780 751.097650 1.098140
E 0.371561 116.169196 96.420923 0.300994
W C 1294.4 1899.1 362.2 1462.4 454.2 693.2 1138.5 766.7 1653.7 1087.5 1777.4 265.1 1796.4 321.9
W E -0.381 82.7 62.4 -2.927 65.2 137.2 -2.437 56.6 158.1 -0.496 112.4 56.9 -0.190 83.7 70.8 0.131 156.5 78.7 0.184 164.1 118.4
D C 201.8 323.6
F 1864.098474 792.919762 1.117945
E 0.417793 113.437036 99.074794 0.298548
W C 1294.4 1899.1 362.3 1462.5 454.2 693.2 1138.5 766.6 1653.6 1087.6 1777.6 265.2 1796.5 321.9
W E -0.381 82.7 62.4 -2.928 65.1 137.1 -2.437 56.6 158.1 -0.496 112.4 56.9 -0.193 83.6 70.7 0.130 156.4 78.6 0.184 164.1 118.4
D C 186.7 307.7 73.9 1631.5
F 1880.159603 834.755948 1.143561
E 0.473919 110.892004 101.768289 0.297108
W C 1294.4 1899.1 362.4 1462.5 454.3 693.1 1138.6 766.6 1653.4 1087.7 1777.8 265.1 1796.6 321.9
W E -0.381 82.7 62.4 -2.929 65.0 137.0 -2.437 56.6 158.1 -0.496 112.4 56.9 -0.197 83.5 70.5 0.129 156.3 78.6 0.183 164.1 118.3
D C 156.7 300.3 108.7 1625.6
F 1892.608163 878.197301 1.234145
E 0.563200 108.354239 102.427657 0.284326
W C 1294.6 1899.0 362.2 1462.6 454.3 693.1 1138.6 766.5 1653.3 1088.0 1777.8 265.0 1796.6 321.8
W E -0.379 82.4 62.3 -2.930 64.9 136.9 -2.436 56.6 158.0 -0.496 112.3 56.9 -0.202 83.2 70.3 0.128 156.2 78.4 0.182 164.0 118.2
D C 777.9 870.3 142.8 297.7 130.5 1647.7
F 1904.247523 921.245430 1.314433
E 0.701212 105.733914 102.827973 0.280942
W C 1294.6 1898.8 362.2 1462.7 454.2 693.2 1138.5 766.6 1653.3 1088.0 1777.7 265.1 1796.5 322.0
W E -0.377 82.2 62.3 -2.930 64.8 136.8 -2.436 56.6 158.0 -0.496 112.3 56.9 -0.206 83.1 70.0 0.126 156.1 78.2 0.181 164.0 118.1
D C 744.5 853.8 91.7 296.6 109.0 1630.4
F 1904.251716 923.067146 1.312659
E 0.639823 105.176219 100.760679 0.262062
W C 1295.0 1898.7 362.1 1462.9 454.2 693.3 1138.5 766.8 1652.8 1087.8 1778.2 265.7 1796.8 322.5
W E -0.375 82.0 62.2 -2.930 64.7 136.8 -2.436 56.6 157.9 -0.496 112.3 56.9 -0.209 82.9 69.8 0.125 156.0 78.1 0.180 163.9 118.0
D C 769.1 794.2 75.3 286.5
F 1910.748698 969.170688 1.408326
E 2.728371 101.900363 102.598696 0.284975
W C 1295.2 1898.5 362.0 1463.0 454.2 693.4 1138.4 766.9 1652.4 1087.6 1778.5 266.2 1796.9 322.9
W E -0.373 81.9 62.1 -2.930 64.7 136.8 -2.436 56.6 157.9 -0.496 112.3 56.9 -0.210 82.8 69.5 0.124 155.8 77.9 0.179 163.9 118.0
D C 796.1 731.6 59.8 275.2
F 1913.452473 1015.563468 1.498158
E -2.488924 99.668105 103.241541 0.299108
W C 1295.4 1898.4 362.0 1463.1 454.1 693.5 1138.4 767.1 1652.2 1087.4 1778.8 266.6 1797.0 323.2
W E -0.371 81.7 62.1 -2.930 64.7 136.7 -2.436 56.6 157.9 -0.495 112.2 56.8 -0.210 82.7 69.3 0.123 155.8 77.8 0.178 163.8 117.9
D C 798.9 673.2 39.8 269.8
F 1913.009818 1059.816142 1.579999
E -2.398556 96.915902 103.524024 0.292912
W C 1295.4 1898.3 362.0 1463.2 454.3 693.6 1138.3 767.1 1652.2 1087.4 1778.6 266.5 1796.8 323.2
W E -0.369 81.5 62.0 -2.930 64.7 136.7 -2.436 56.5 157.8 -0.495 112.2 56.8 -0.210 82.6 68.9 0.122 155.7 77.7 0.178 163.8 117.8
D C 806.7 646.7 27.1 268.4 -373.5 1413.0
F 1911.617494 1063.002916 1.581601
E -2.374486 96.428679 100.063027 0.262320
W C 1295.5 1898.3 361.9 1463.4 454.3 693.7 1138.3 767.3 1651.7 1086.8 1779.3 267.3 1797.1 323.8
W E -0.367 81.4 62.0 -2.931 64.6 136.6 -2.436 56.5 157.8 -0.495 112.2 56.8 -0.209 82.5 68.6 0.121 155.6 77.6 0.177 163.8 117.8
D C 816.6 568.6 474.0 1516.4 -0.2 265.4
F 1905.420999 1110.057331 1.674607
E -0.754097 101.436683 93.864610 0.289074
W C 1295.2 1898.5 361.9 1463.6 454.4 693.8 1138.3 767.4 1651.6 1085.9 1779.8 267.8 1797.4 324.2
W E -0.367 81.3 62.0 -2.932 64.5 136.5 -2.436 56.5 157.8 -0.495 112.2 56.8 -0.206 82.5 68.4 0.120 155.5 77.5 0.177 163.7 117.8
D C 572.4 1473.6 -29.0 267.1
F 1896.222861 1153.600785 1.765820
E -0.740681 101.620030 91.820448 0.290295
W C 1295.3 1898.3 362.0 1463.7 454.3 693.9 1138.3 767.5 1651.6 1086.0 1779.7 267.9 1797.3 324.2
W E -0.365 81.1 61.9 -2.932 64.4 136.5 -2.436 56.5 157.8 -0.495 112.2 56.8 -0.205 82.4 68.3 0.120 155.5 77.5 0.177 163.7 117.7
D C 817.8 457.5 599.2 1437.2
F 1883.619467 1197.068931 1.854306
E -0.725210 101.757158 89.993500 0.291435
W C 1295.3 1898.2 362.0 1463.8 454.3 694.0 1138.2 767.5 1651.6 1086.2 1779.6 267.9 1797.2 324.3
W E -0.364 80.9 61.9 -2.933 64.3 136.4 -2.436 56.5 157.7 -0.495 112.2 56.8 -0.203 82.3 68.2 0.120 155.5 77.4 0.177 163.7 117.7
D C 813.0 394.5 662.2 1391.8
F 1868.869135 1237.726771 1.935112
E -0.712008 101.671891 88.418456 0.289626
W C 1295.3 1898.1 362.0 1463.9 454.2 694.1 1138.1 767.5 1651.6 1086.4 1779.5 267.8 1797.1 324.2
W E -0.363 80.8 61.8 -2.933 64.2 136.3 -2.436 56.5 157.7 -0.495 112.1 56.8 -0.202 82.2 68.2 0.120 155.5 77.4 0.177 163.7 117.7
D C 801.2 338.3 710.7 1352.0
F 1866.977347 1238.352023 1.941338
E -2.360162 87.543877 99.555549 0.252157
W C 1295.4 1897.9 362.0 1464.0 454.3 694.3 1138.0 767.6 1651.3 1086.4 1779.5 268.0 1797.0 324.3
W E -0.363 80.6 61.8 -2.933 64.1 136.2 -2.436 56.4 157.7 -0.495 112.1 56.8 -0.201 82.2 68.1 0.120 155.5 77.3 0.177 163.7 117.6
D C 783.6 281.0 764.5 1295.6 35.1 1477.0
F 1844.706377 1278.845303 2.038970
E -2.357958 85.465066 99.526136 0.258979
W C 1295.4 1897.7 362.1 1464.1 454.4 694.6 1138.0 767.7 1651.0 1086.4 1779.4 268.1 1797.0 324.4
W E -0.363 80.4 61.7 -2.934 63.9 136.2 -2.436 56.3 157.6 -0.495 112.1 56.8 -0.200 82.1 68.1 0.120 155.5 77.3 0.177 163.7 117.6
D C 764.5 209.6 833.2 1216.3 116.1 1466.2
F 1821.291412 1317.377233 2.118985
E -0.777555 99.361503 83.178776 0.254241
W C 1295.4 1897.6 362.0 1464.2 454.5 694.7 1138.1 767.8 1650.8 1086.3 1779.2 268.0 1796.8 324.3
W E -0.363 80.2 61.6 -2.934 63.8 136.1 -2.436 56.2 157.6 -0.494 112.1 56.7 -0.200 82.0 68.0 0.119 155.4 77.3 0.177 163.7 117.6
D C 750.4 188.6 850.1 1201.2 138.7 1465.5 -131.7 814.5
F 1795.493381 1353.566041 2.195216
E -0.763392 99.083646 80.991215 0.251075
W C 1295.2 1897.5 362.0 1464.4 454.6 694.9 1138.3 767.9 1650.7 1086.2 1779.0 267.9 1796.7 324.2
W E -0.363 80.1 61.6 -2.934 63.7 136.0 -2.436 56.1 157.5 -0.494 112.0 56.7 -0.200 81.9 67.9 0.119 155.4 77.2 0.177 163.7 117.6
D C 727.1 133.6 899.2 1132.4 210.0 1454.1 -106.8 819.3
F 1793.927424 1353.524847 2.199166
E -2.371744 79.776190 97.730131 0.222345
W C 1295.2 1897.3 361.9 1464.5 454.6 695.2 1138.4 768.2 1650.4 1086.1 1778.9 268.0 1796.6 324.2
W E -0.363 79.9 61.5 -2.935 63.6 136.0 -2.436 56.1 157.5 -0.494 112.0 56.6 -0.200 81.9 67.8 0.119 155.4 77.2 0.177 163.7 117.5
D C 698.3 82.3 944.5 1076.4 270.3 1433.5 -82.0 825.8
F 1763.461576 1386.738761 2.290335
E -0.777838 97.492745 77.567251 0.237395
W C 1295.2 1897.1 361.9 1464.7 454.7 695.4 1138.4 768.4 1650.2 1086.0 1778.7 268.0 1796.4 324.2
W E -0.364 79.7 61.4 -2.935 63.5 135.9 -2.436 56.0 157.4 -0.494 112.0 56.5 -0.199 81.8 67.8 0.119 155.4 77.2 0.177 163.7 117.5
D C 666.6 37.4 967.4 1005.2 325.5 1413.6 -64.3 828.6
F 1730.106688 1417.391791 2.380653
E -0.753629 97.135298 75.573617 0.243712
W C 1295.1 1896.9 361.8 1464.9 454.7 695.7 1138.5 768.6 1650.0 1086.0 1778.5 267.9 1796.3 324.2
W E -0.364 79.6 61.3 -2.935 63.4 135.8 -2.436 55.9 157.4 -0.494 111.9 56.5 -0.199 81.8 67.7 0.119 155.4 77.1 0.177 163.7 117.5
D C 622.5 -24.4 1014.1 914.9 411.7 1376.0 -33.9 834.3
F 1696.088190 1445.626872 2.456498
E -0.730754 96.657734 73.796485 0.245600
W C 1294.9 1896.8 361.9 1465.1 454.7 695.9 1138.6 768.8 1650.0 1085.8 1778.3 267.8 1796.1 324.1
W E -0.365 79.4 61.2 -2.935 63.3 135.7 -2.436 55.8 157.3 -0.493 111.9 56.4 -0.199 81.7 67.7 0.119 155.4 77.1 0.177 163.6 117.5
D C 604.6 -51.6 1023.5 862.5 449.3 1363.5 -13.3 827.0
F 1661.459671 1471.072128 2.527378
E -0.711588 96.091245 72.224385 0.245240
W C 1294.6 1896.6 361.9 1465.3 454.7 696.2 1138.6 769.1 1650.0 1085.7 1778.0 267.7 1796.0 323.9
W E -0.367 79.3 61.1 -2.935 63.2 135.6 -2.436 55.7 157.2 -0.493 111.8 56.3 -0.199 81.7 67.6 0.119 155.3 77.1 0.177 163.6 117.4
D C 568.7 -89.3 1040.7 798.1 498.2 1330.7 -0.6 831.2
F 1660.448009 1470.643374 2.531000
E -0.732563 94.992220 70.845461 0.217730
W C 1294.4 1896.5 361.9 1465.5 454.7 696.5 1138.7 769.3 1649.9 1085.6 1777.9 267.7 1795.8 323.9
W E -0.368 79.1 61.0 -2.935 63.0 135.6 -2.436 55.6 157.2 -0.493 111.8 56.2 -0.199 81.7 67.6 0.119 155.3 77.0 0.177 163.6 117.4
D C 527.9 -130.1 1061.6 724.8 555.9 1288.5 29.9 827.4
F 1621.716173 1492.849066 2.597098
E -0.711622 94.400994 69.353126 0.229614
W C 1294.2 1896.3 361.9 1465.7 454.7 696.7 1138.7 769.5 1649.9 1085.5 1777.6 267.6 1795.7 323.8
W E -0.370 79.0 60.9 -2.935 62.9 135.5 -2.435 55.5 157.1 -0.493 111.8 56.2 -0.198 81.6 67.5 0.119 155.3 77.0 0.177 163.6 117.4
D C 489.8 -161.4 1074.0 658.4 599.7 1250.5 49.9 822.7
F 1581.003761 1513.404194 2.619871
E -0.696281 93.734196 68.154919 0.231356
W C 1294.1 1896.1 361.9 1465.9 454.7 697.0 1138.7 769.7 1649.8 1085.4 1777.5 267.6 1795.6 323.8
W E -0.372 78.8 60.8 -2.935 62.8 135.4 -2.435 55.4 157.1 -0.492 111.7 56.1 -0.198 81.6 67.5 0.118 155.3 77.0 0.177 163.6 117.4
D C 424.9 -203.8 1063.6 573.7 634.1 1206.3 54.5 815.3
F 1541.494459 1533.222941 2.637736
E -0.687330 93.080927 67.213224 0.231713
W C 1293.9 1896.0 362.0 1466.2 454.6 697.3 1138.7 770.0 1650.0 1085.3 1777.2 267.4 1795.4 323.7
W E -0.374 78.6 60.7 -2.935 62.7 135.3 -2.435 55.3 157.0 -0.492 111.7 56.0 -0.197 81.6 67.4 0.118 155.3 77.0 0.177 163.6 117.4
D C 408.4 -202.0 1043.3 583.6 616.2 1207.9 36.9 814.5
F 1540.517728 1532.209998 2.644796
E -0.701357 92.062327 65.776527 0.208295
W C 1293.7 1895.8 362.0 1466.3 454.6 697.5 1138.7 770.2 1649.9 1085.2 1777.1 267.4 1795.3 323.6
W E -0.377 78.5 60.6 -2.935 62.6 135.2 -2.435 55.2 156.9 -0.492 111.6 56.0 -0.197 81.5 67.4 0.118 155.2 77.0 0.177 163.6 117.3
D C 380.0 -201.3 1007.7 584.2 584.3 1208.8 4.4 815.2
F 1500.480911 1552.576220 2.650193
E -0.680027 92.079633 65.853138 0.229463
W C 1293.4 1895.7 362.1 1466.5 454.6 697.7 1138.8 770.3 1649.9 1085.1 1776.9 267.3 1795.2 323.6
W E -0.378 78.4 60.6 -2.935 62.5 135.2 -2.435 55.2 156.9 -0.491 111.6 55.9 -0.197 81.5 67.4 0.118 155.2 76.9 0.177 163.6 117.3
D C 962.2 581.7 529.8 1207.7 -43.5 821.1
F 1461.387657 1572.518345 2.657176
E -0.683124 91.370786 65.416739 0.229987
W C 1293.0 1895.5 362.2 1466.8 454.5 698.0 1138.7 770.6 1650.0 1085.0 1776.7 267.2 1795.0 323.4
W E -0.382 78.2 60.4 -2.934 62.3 135.1 -2.434 55.1 156.8 -0.491 111.6 55.9 -0.197 81.5 67.3 0.118 155.2 76.9 0.177 163.6 117.3
D C 314.8 -199.0 943.1 578.1 513.7 1211.2 -58.9 823.9
F 1422.288701 1592.625414 2.657903
E -0.694252 90.633463 65.231751 0.229961
W C 1292.6 1895.4 362.4 1467.1 454.5 698.4 1138.7 770.8 1650.0 1085.0 1776.4 267.1 1794.8 323.3
W E -0.387 78.0 60.3 -2.934 62.2 135.0 -2.434 55.0 156.8 -0.491 111.5 55.8 -0.196 81.5 67.3 0.118 155.2 76.9 0.176 163.5 117.3
D C 265.7 -198.0 891.4 580.9 465.3 1208.9 -108.0 828.4
F 1382.061308 1612.036112 2.668879
E -0.682095 90.730627 66.726005 0.241842
W C 1292.6 1895.3 362.3 1467.2 454.4 698.6 1138.7 771.0 1650.1 1084.9 1776.2 267.0 1794.7 323.3
W E -0.389 78.0 60.3 -2.934 62.1 134.9 -2.434 54.9 156.8 -0.491 111.5 55.7 -0.196 81.4 67.3 0.118 155.2 76.9 0.176 163.5 117.3
D C 869.8 582.1 451.0 1216.1 -123.8 830.4
F 1381.495808 1611.809404 2.668675
E -0.678286 90.311339 65.779400 0.222132
W C 1292.4 1895.2 362.4 1467.2 454.5 698.7 1138.7 771.0 1650.0 1084.8 1776.2 267.0 1794.6 323.3
W E -0.391 77.9 60.2 -2.934 62.0 134.9 -2.434 54.8 156.7 -0.491 111.5 55.7 -0.197 81.4 67.2 0.118 155.1 76.9 0.176 163.5 117.3
D C 819.7 578.2 395.0 1211.1 -171.4 832.0
F 1339.918663 1629.928305 2.737992
E -0.661607 90.600527 67.596205 0.245050
W C 1292.3 1895.3 362.5 1467.1 454.6 698.7 1138.8 771.1 1650.0 1084.7 1776.2 267.0 1794.6 323.2
W E -0.393 77.9 60.2 -2.934 62.0 134.8 -2.434 54.8 156.7 -0.490 111.5 55.6 -0.197 81.4 67.2 0.118 155.1 76.9 0.176 163.5 117.3
D C 786.8 577.0 369.8 1208.9 -199.2 836.0
F 1298.869512 1645.291071 2.806925
E -0.647070 90.815081 69.823903 0.256984
W C 1292.4 1895.3 362.4 1466.9 454.7 698.6 1138.8 771.2 1649.9 1084.6 1776.1 266.9 1794.6 323.2
W E -0.395 77.8 60.2 -2.934 61.9 134.8 -2.433 54.7 156.7 -0.490 111.5 55.6 -0.197 81.4 67.2 0.118 155.1 76.9 0.176 163.5 117.3
D C 791.9 547.7 397.6 1194.2 -178.9 841.8
F 1256.097077 1657.973366 2.879254
E -0.638114 90.985762 72.457962 0.264191
W C 1292.6 1895.3 362.3 1466.7 454.7 698.6 1138.8 771.4 1649.9 1084.6 1776.0 266.9 1794.6 323.2
W E -0.396 77.8 60.2 -2.935 61.8 134.8 -2.433 54.6 156.7 -0.490 111.5 55.5 -0.197 81.4 67.2 0.118 155.1 76.9 0.176 163.5 117.3
D C 800.5 487.3 456.3 1164.3 -151.4 853.1
F 1256.163299 1658.426138 2.873621
E -0.636852 90.660766 71.127362 0.238215
W C 1292.5 1895.3 362.4 1466.7 454.7 698.6 1138.8 771.4 1649.8 1084.5 1776.0 266.8 1794.5 323.1
W E -0.398 77.7 60.1 -2.935 61.8 134.7 -2.433 54.6 156.7 -0.490 111.4 55.5 -0.197 81.4 67.2 0.118 155.1 76.9 0.176 163.5 117.3
D C 792.5 440.1 486.3 1136.8 -131.6 864.4
F 1211.486001 1665.635518 2.964903
E -0.632211 90.741346 73.797811 0.254783
W C 1292.5 1895.2 362.4 1466.6 454.8 698.7 1138.8 771.5 1649.8 1084.5 1775.9 266.8 1794.5 323.1
W E -0.399 77.7 60.1 -2.935 61.7 134.7 -2.433 54.5 156.6 -0.490 111.4 55.4 -0.197 81.4 67.2 0.117 155.1 76.9 0.176 163.5 117.3
D C 783.9 354.0 551.8 1073.5 -89.2 871.4
F 1167.292508 1670.685154 3.020295
E -0.649225 90.688718 76.571116 0.257984
W C 1292.5 1895.2 362.4 1466.5 454.8 698.7 1138.7 771.6 1649.8 1084.4 1775.8 266.8 1794.4 323.1
W E -0.400 77.6 60.1 -2.935 61.6 134.6 -2.433 54.4 156.6 -0.490 111.4 55.4 -0.197 81.4 67.2 0.117 155.1 76.9 0.176 163.5 117.3
D C 773.2 321.0 577.4 1051.0 -73.1 872.3
F 1122.617061 1673.504507 3.036934
E -0.694593 90.687953 79.423668 0.256636
W C 1292.6 1895.2 362.4 1466.4 454.8 698.7 1138.7 771.7 1649.9 1084.4 1775.8 266.8 1794.4 323.1
W E -0.401 77.6 60.1 -2.935 61.6 134.6 -2.433 54.4 156.6 -0.490 111.4 55.4 -0.197 81.4 67.2 0.117 155.1 76.9 0.176 163.5 117.3
D C 760.3 264.8 611.3 1007.6 -49.1 875.8
F 1078.402280 1675.965865 3.052890
E -0.785036 90.892258 82.160773 0.255280
W C 1292.7 1895.2 362.3 1466.4 454.8 698.7 1138.6 771.8 1649.9 1084.4 1775.8 266.8 1794.4 323.1
W E -0.402 77.6 60.1 -2.936 61.5 134.5 -2.433 54.3 156.6 -0.490 111.4 55.3 -0.197 81.4 67.1 0.117 155.1 76.9 0.176 163.5 117.3
D C 717.7 259.9 567.3 1010.5 -90.0 879.8
F 1078.314404 1675.041609 3.058431
E -0.749317 90.392919 80.834476 0.231655
W C 1292.7 1895.2 362.3 1466.3 454.8 698.7 1138.6 771.8 1649.9 1084.4 1775.7 266.7 1794.3 323.1
W E -0.404 77.5 60.1 -2.936 61.4 134.5 -2.433 54.3 156.6 -0.490 111.4 55.3 -0.197 81.4 67.1 0.117 155.1 76.9 0.176 163.5 117.3
D C 700.2 258.4 553.8 1008.0 -106.8 882.8
F 1033.727825 1678.270881 3.061046
E -2.454613 83.412359 90.815420 0.242448
W C 1292.7 1895.2 362.4 1466.3 454.8 698.7 1138.5 771.8 1649.9 1084.4 1775.7 266.7 1794.3 323.1
W E -0.405 77.5 60.0 -2.936 61.4 134.4 -2.433 54.2 156.5 -0.490 111.3 55.2 -0.197 81.4 67.1 0.117 155.1 76.9 0.176 163.5 117.3
D C 647.3 264.1 502.1 1014.8 -159.5 883.0
F 989.388365 1680.917055 3.066741
E -2.681330 85.558757 91.885729 0.248220
W C 1292.8 1895.2 362.3 1466.2 454.8 698.7 1138.5 771.9 1649.9 1084.4 1775.7 266.7 1794.3 323.1
W E -0.405 77.5 60.0 -2.936 61.3 134.4 -2.432 54.1 156.5 -0.489 111.3 55.2 -0.197 81.4 67.1 0.117 155.1 76.9 0.176 163.5 117.3
D C 631.6 262.2 485.8 1013.0 -177.4 888.3
F 945.250364 1683.298539 3.075771
E -2.930048 86.879353 93.908174 0.251097
W C 1293.0 1895.2 362.2 1466.1 454.8 698.7 1138.4 772.0 1649.9 1084.4 1775.7 266.7 1794.3 323.1
W E -0.406 77.4 60.0 -2.936 61.3 134.3 -2.432 54.1 156.5 -0.489 111.3 55.2 -0.197 81.4 67.1 0.117 155.0 76.9 0.176 163.5 117.3
D C 597.3 265.3 449.4 1015.8 -211.3 886.6
F 945.103203 1683.740773 3.072196
E -2.868466 86.189337 92.884442 0.228825
W C 1292.9 1895.2 362.3 1466.0 454.8 698.7 1138.4 772.0 1649.9 1084.4 1775.7 266.7 1794.3 323.1
W E -0.407 77.4 60.0 -2.937 61.2 134.3 -2.432 54.0 156.5 -0.489 111.3 55.1 -0.197 81.4 67.1 0.117 155.0 76.9 0.176 163.5 117.3
D C 549.5 266.6 401.0 1013.9 -258.8 889.9
F 900.001414 1686.727571 3.072989
E -3.064683 87.043873 95.532784 0.241946
W C 1293.0 1895.2 362.3 1465.9 454.8 698.7 1138.3 772.0 1649.9 1084.4 1775.6 266.7 1794.3 323.1
W E -0.408 77.4 60.0 -2.937 61.2 134.2 -2.432 54.0 156.4 -0.489 111.3 55.1 -0.197 81.4 67.1 0.117 155.0 76.9 0.176 163.5 117.2
D C 534.7 265.6 387.7 1016.7 -272.4 895.5
F 856.009107 1690.018439 3.071995
E 3.113343 87.473816 98.852707 0.254904
W C 1293.1 1895.2 362.2 1465.9 454.8 698.7 1138.3 772.0 1650.0 1084.4 1775.6 266.7 1794.3 323.1
W E -0.409 77.4 60.0 -2.937 61.1 134.2 -2.432 54.0 156.4 -0.489 111.3 55.1 -0.197 81.4 67.1 0.117 155.0 76.9 0.176 163.5 117.2
D C 487.4 268.7 335.3 1017.6
F 811.605469 1692.907284 3.075794
E 3.052626 87.766812 102.525600 0.262975
W C 1293.2 1895.2 362.1 1465.8 454.7 698.7 1138.3 772.0 1650.0 1084.4 1775.6 266.7 1794.2 323.1
W E -0.409 77.3 60.0 -2.938 61.1 134.1 -2.432 53.9 156.4 -0.489 111.3 55.1 -0.197 81.4 67.1 0.117 155.0 76.9 0.176 163.5 117.2
D C 455.4 265.9 303.6 1014.8
F 811.729649 1693.235183 3.074245
E 3.067086 87.369170 101.385264 0.243152
W C 1293.2 1895.2 362.1 1465.8 454.7 698.7 1138.3 772.0 1650.0 1084.4 1775.6 266.7 1794.2 323.1
W E -0.410 77.3 60.0 -2.938 61.0 134.1 -2.432 53.9 156.4 -0.489 111.3 55.1 -0.197 81.4 67.1 0.117 155.0 76.8 0.176 163.5 117.2
D C 436.2 267.4 290.6 1016.7
F 766.926807 1696.824869 3.071255
E 3.023352 87.621787 105.161098 0.256899
W C 1293.2 1895.2 362.2 1465.7 454.7 698.8 1138.3 772.0 1650.0 1084.4 1775.6 266.7 1794.2 323.1
W E -0.411 77.3 60.0 -2.938 60.9 134.0 -2.432 53.8 156.4 -0.489 111.3 55.1 -0.197 81.4 67.1 0.117 155.0 76.8 0.176 163.5 117.2
D C 389.4 271.1 237.9 1018.8
F 722.694954 1699.854698 3.072079
E 2.993240 87.811022 109.142871 0.264788
W C 1293.3 1895.2 362.0 1465.7 454.7 698.8 1138.3 772.0 1650.0 1084.4 1775.6 266.7 1794.2 323.1
W E -0.411 77.3 60.0 -2.939 60.9 134.0 -2.432 53.8 156.3 -0.489 111.3 55.1 -0.197 81.4 67.1 0.117 155.0 76.8 0.175 163.5 117.2
D C 372.0 272.8 218.6 1021.1
F 678.460492 1702.708702 3.076870
E 2.971174 87.932839 113.302246 0.269522
W C 1293.4 1895.2 361.9 1465.7 454.7 698.8 1138.3 772.0 1650.0 1084.4 1775.6 266.7 1794.2 323.1
W E -0.412 77.3 60.0 -2.939 60.8 133.9 -2.432 53.7 156.3 -0.489 111.3 55.1 -0.197 81.4 67.1 0.117 155.0 76.8 0.175 163.5 117.2
D C 327.8 272.8 173.6 1023.7
F 636.420682 1704.483684 3.083903
E 2.954380 87.932220 117.411293 0.271039
W C 1293.7 1895.2 361.6 1465.8 454.7 698.7 1138.3 772.1 1650.1 1084.4 1775.5 266.6 1794.2 323.0
W E -0.412 77.2 59.9 -2.940 60.8 133.9 -2.432 53.7 156.3 -0.489 111.3 55.1 -0.197 81.4 67.1 0.117 155.0 76.8 0.175 163.5 117.2
D C 311.1 273.8 154.6 1026.0
F 630.425018 1705.312259 3.084872
E 2.951719 87.493305 116.986437 0.250837
W C 1293.8 1895.2 361.5 1465.8 454.7 698.7 1138.3 772.1 1650.1 1084.4 1775.5 266.6 1794.2 323.0
W E -0.413 77.2 59.9 -2.940 60.7 133.8 -2.432 53.7 156.2 -0.489 111.3 55.1 -0.197 81.4 67.1 0.117 155.0 76.8 0.175 163.5 117.2
D C 275.0 275.4 119.7 1028.7
F 630.276522 1706.682992 3.077616
E 2.953266 87.116098 116.053242 0.236005
W C 1293.7 1895.2 361.7 1465.7 454.6 698.7 1138.3 772.1 1650.1 1084.4 1775.5 266.6 1794.2 323.0
W E -0.413 77.2 59.9 -2.941 60.6 133.7 -2.431 53.6 156.2 -0.489 111.3 55.1 -0.197 81.4 67.1 0.117 155.0 76.8 0.175 163.5 117.2
D C 236.5 272.9 87.6 1026.0
F 630.178247 1707.599596 3.072910
E 2.956476 86.768524 115.321454 0.224897
W C 1293.7 1895.2 361.8 1465.6 454.6 698.7 1138.3 772.1 1650.1 1084.4 1775.5 266.7 1794.2 323.0
W E -0.414 77.2 59.9 -2.941 60.6 133.7 -2.431 53.6 156.2 -0.489 111.3 55.1 -0.197 81.4 67.1 0.117 155.0 76.8 0.175 163.5 117.2
D C 238.9 274.0 90.6 1024.0
F 630.107893 1708.289253 3.069451
E 2.960640 86.442503 114.718197 0.216211
W C 1293.7 1895.3 361.9 1465.5 454.5 698.8 1138.2 772.1 1650.1 1084.5 1775.5 266.7 1794.2 323.1
W E -0.414 77.2 59.9 -2.942 60.5 133.6 -2.431 53.6 156.2 -0.489 111.3 55.1 -0.197 81.4 67.1 0.117 155.0 76.8 0.175 163.5 117.2
D C 240.1 275.4 90.5 1022.8
F 630.016040 1708.784203 3.066873
E 2.965356 86.133238 114.203707 0.209196
W C 1293.6 1895.3 361.9 1465.4 454.5 698.8 1138.2 772.1 1650.1 1084.5 1775.5 266.7 1794.2 323.1
W E -0.415 77.1 59.9 -2.942 60.4 133.6 -2.431 53.5 156.2 -0.489 111.3 55.1 -0.197 81.4 67.1 0.117 155.0 76.8 0.175 163.5 117.2
D C 239.5 274.7 90.1 1019.0
F 629.942929 1709.214407 3.064828
E 2.970379 85.837629 113.754278 0.203392
W C 1293.6 1895.3 362.0 1465.4 454.4 698.9 1138.2 772.1 1650.1 1084.5 1775.5 266.7 1794.2 323.1
W E -0.415 77.1 59.9 -2.942 60.4 133.5 -2.431 53.5 156.1 -0.489 111.3 55.1 -0.197 81.4 67.0 0.117 155.0 76.8 0.175 163.5 117.2
D C 238.7 273.7 90.6 1024.2
F 629.876263 1709.571336 3.063193
E 2.975556 85.553637 113.354616 0.198491
W C 1293.6 1895.3 362.1 1465.3 454.4 698.9 1138.2 772.1 1650.1 1084.5 1775.5 266.7 1794.1 323.1
W E -0.416 77.1 59.9 -2.943 60.3 133.5 -2.431 53.5 156.1 -0.489 111.3 55.1 -0.197 81.4 67.0 0.117 155.0 76.8 0.175 163.5 117.2
D C 238.7 273.7 90.6 1024.6
F 629.820684 1709.872757 3.061857
E 2.980788 85.279810 112.994395 0.194287
W C 1293.6 1895.3 362.1 1465.2 454.3 698.9 1138.2 772.1 1650.1 1084.5 1775.5 266.7 1794.1 323.1
W E -0.416 77.1 59.9 -2.943 60.3 133.5 -2.431 53.4 156.1 -0.489 111.3 55.1 -0.197 81.4 67.0 0.117 155.0 76.8 0.175 163.5 117.2
D C 239.2 274.3 90.6 1024.1
